-1.084966827396735198e+03,-1.155173844255721860e+03,-1.749505693495927062e+03
-1.070644550792393602e+03,-1.481397586364744257e+03,-1.598973453293882812e+03
-6.583901472540758277e+02,-1.404990475352428803e+03,-1.262169810180390868e+03
-1.218854401433405883e+03,-1.260615352087405199e+03,-1.778983927945773985e+03
-1.508316491185696123e+03,-1.691635600218828131e+03,-1.185789336917400306e+03
-1.166087094779084509e+03,-1.301263405529040028e+03,-1.091745358732794557e+03
-1.185651786808063662e+03,-1.083263599975038005e+03,-1.603999137656839821e+03
-1.092025714743972912e+03,-1.166520345796209995e+03,-1.641305699628986758e+03
-1.305013951842855249e+03,-1.172746642368947278e+03,-1.712518351213345795e+03
-1.629166476587941361e+03,-1.050638935725562078e+03,-1.451836499419096526e+03
-1.791408839042447198e+03,-1.118202825309934724e+03,-1.683617080939993230e+03
-1.627774660560935217e+03,-1.164324232017425629e+03,-8.447944336134635250e+02
-1.577021710068830771e+03,-1.542591653832484099e+03,-1.580413784981484241e+03
-1.549636022066787064e+03,-1.659844608696176465e+03,-1.551162062076736902e+03
-8.536263573184814959e+02,-1.044851420542644291e+03,-8.906104559949009172e+02
-1.114411606355534786e+03,-7.775219312302017443e+02,-1.161814040514638009e+03
-7.912927708498583570e+02,-1.353228579958037244e+03,-1.065728218052551938e+03
-1.023198840840221806e+03,-1.602980181952661269e+03,-1.385988969907986757e+03
-9.757122748725330439e+02,-1.565981192734065417e+03,-1.535515174011041609e+03
-1.035520685037138492e+03,-1.301751142968391378e+03,-1.158421595261799666e+03
-1.080843906318389827e+03,-1.419354917682628866e+03,-9.701940803657072365e+02
-1.029270353613578209e+03,-1.564106167830040704e+03,-1.162915520703423908e+03
-9.176838703011512735e+02,-1.019893818108023993e+03,-5.354390136463028966e+02
-9.910335224515989694e+02,-1.410139427003434548e+03,-1.534066664452054283e+03
-1.107422824361540279e+03,-1.559311046440234577e+03,-6.596174628420988029e+02
-1.121475879560880685e+03,-1.506216317947987818e+03,-2.643762713430836016e+02
-9.851279835716495654e+02,-1.116373567557006936e+03,-4.151783346062033502e+02
-1.230055378629604320e+03,-1.155240046932639189e+03,-1.523554121024478718e+03
-1.458833645388773903e+03,-1.322020189761718484e+03,-3.930911950021176153e+02
-1.012392369387789927e+03,-1.466341889284260333e+03,-5.978242706570258136e+00
-1.699023712895128483e+03,-1.493060120916708229e+03,-6.538920049330517941e+02
-1.001307407590154980e+03,-1.611743936704822772e+03,-1.064393955428213758e+03
-1.044312315936173491e+03,-1.515559555224621135e+03,-9.563718091703897244e+02
-1.106991924535137969e+03,-1.242710466334051034e+03,-1.256319890829772419e+02
-1.165636660178823831e+03,-1.611467712294674811e+03,-1.060896770923247459e+03
-1.465399325826782615e+03,-1.299671308273954310e+03,-9.536626576136033009e+02
-1.088928078509076613e+03,-1.370441402033499116e+03,-1.099511690851182948e+03
-1.063102262490715930e+03,-1.346906978250195152e+03,-1.320190885949957647e+03
-9.837620920462663889e+02,-1.114568858272730722e+03,-1.208157690000687808e+03
-1.100703572187126611e+03,-1.073092201960249440e+03,-1.054499041950575247e+03
-1.198740556287708159e+03,-1.418213110728894662e+03,-6.799850749811644164e+02
-1.007662948576048962e+03,-1.561222323446898145e+03,-1.388731588973060752e+03
-1.017672972316760138e+03,-1.242812527185097679e+03,-1.017390714438472401e+03
-1.317372979300138013e+03,-1.516415424974017242e+03,-1.499614971169394948e+03
-1.033950755760740321e+03,-1.396444122259983942e+03,-8.872920300339295636e+02
-1.157842440464616857e+03,-1.452935156053931223e+03,-8.146084812738494065e+02
-9.137115401944043924e+02,-1.340978330484200342e+03,-3.883042166224718539e+00
-1.123103495139712095e+03,-6.396453334448428905e+02,-1.314970346476917200e+02
-1.238284519428795647e+03,-1.351940407354945364e+03,-3.895899370622432798e+02
-1.208485327493118348e+03,-1.338816095124344429e+03,-7.903795393119949040e+02
-7.794143246980391950e+02,-1.242057236510820303e+03,-1.288423866609460447e+03
-1.021207892152447585e+03,-1.578604586323748663e+03,-1.310153799290874588e+02
-1.270181247727505479e+03,-9.857829909439091125e+02,-3.988491201714834347e+02
-1.356120247236474370e+03,-1.314849685334295827e+03,-5.291226139066890255e+02
-1.093309644434272741e+03,-1.019280860445097915e+03,-4.230317691298893124e+02
-1.284111975265805540e+03,-1.032555252807112083e+03,-1.304338151666872818e+02
-1.184249606958584991e+03,-1.037580102850364256e+03,-1.345795873779861438e+02
-1.000159684474063056e+03,-1.241679388029415122e+03,-6.535965800894880431e+02
-1.057612397017035619e+03,-1.022265592497422290e+03,-4.026563224946111177e+02
-1.123634063387941296e+03,-1.518823030364563238e+03,-2.439042973260819647e+00
-1.004475908906131735e+03,-8.892671350598063782e+02,-2.632836604464095558e+02
-1.361309563823548160e+03,-1.410741543145502874e+03,-1.332548208415420277e+02
-1.014663742836389588e+03,-1.109924600539068251e+03,-1.566588342553372870e+00
-1.289672774287761740e+03,-1.418828894309785255e+03,-2.742188319675718731e+02
-1.232467919023681361e+03,-1.266265606017074333e+03,-1.292836983772387498e+02
-1.322379657436908474e+03,-1.125407230619801794e+03,-4.266928942309346553e+02
-1.007698033228659369e+03,-9.477889785421907618e+02,-2.628871318004814839e+02
-1.023794820789009805e+03,-1.354186124161634552e+03,-1.434429112838214678e+03
-1.040292497832105255e+03,-9.793189650006246438e+02,-8.350465640165432433e+02
-8.075948796989093807e+02,-8.848234525087765405e+02,-3.813382872295090920e+02
-9.844422358547215026e+02,-1.396469871617739500e+03,-1.510668976658417151e+00
-6.642701453107056295e+02,-1.435451024935217674e+03,-2.604840624703807634e+02
-9.988203035803219336e+02,-1.611277927349347237e+03,-1.479941721262097776e+00
-1.131151900766287554e+03,-1.617638027863708203e+03,-2.806706451575780648e+02
-1.184449155052670449e+03,-1.407378575331460752e+03,-1.324700058564574192e+02
-1.122094170570097504e+03,-1.571389084231434026e+03,-2.648433055950850417e+02
-8.812551444571796537e+02,-8.953309326862464559e+02,-1.308658901425519048e+02
-1.164197432745050946e+03,-1.220912013965787082e+03,-2.155753278539134232e+00
-1.137511822579567706e+03,-1.349780826844317744e+03,-1.308212785357564201e+02
-1.044645063468982471e+03,-1.538883507701865483e+03,-1.819172673920362637e+00
-1.172247580204991664e+03,-1.399312678939931175e+03,-2.628193319374046837e+02
-1.106389977970212612e+03,-1.321057743786542460e+03,-2.657635733801718061e+02
-1.520573444483363573e+03,-1.498913233704299500e+03,-3.825443649506254484e+00
-1.087412106471277866e+03,-1.088979097136896826e+03,-2.677446210888144265e+02
-1.058303092497717671e+03,-1.231359026588436336e+03,-1.331225239614621501e+02
-1.163331468708239299e+03,-9.759527630277572143e+02,-1.360525356672388000e+02
-1.118927191237470879e+03,-8.930602442526303548e+02,-3.976326750688349421e+02
-1.020666099947665998e+03,-1.389586658851803122e+03,-1.306699579401688709e+02
-1.189535283085830542e+03,-1.350651153642531654e+03,-1.315983018232536779e+02
-8.840551937041117299e+02,-1.228256428146721873e+03,-1.370654599299666359e+02
-9.095810457577313173e+02,-8.815859171948852691e+02,-1.381281736701874081e+02
-1.224510287350158478e+03,-1.215666362358682363e+03,-2.696467927384929339e+02
-8.159534864323853753e+02,-1.129818926367315498e+03,-2.694500117129738896e+02
-9.613467515930874470e+02,-1.039393066167137022e+03,-2.698974241753555248e+02
-9.670230946896256228e+02,-9.773912031121266182e+02,-8.000296939943137886e+02
-8.710916653219286445e+02,-1.029142006010717296e+03,-2.647361515107914443e+02
-1.046002100644274606e+03,-7.663387798588815940e+02,-1.298297305706911118e+02
-7.609551103661489151e+02,-1.435187075417713686e+03,-7.956576216838089977e+02
-1.000109598655269679e+03,-1.061533331557907331e+03,-3.081502674985399608e+02
-1.076769714615221346e+03,-1.429197847654426596e+03,-2.663060374748530990e+02
-1.072319095814325010e+03,-7.829167952258583227e+02,-2.705098609334490902e+02
-1.073842389382835563e+03,-9.902835702830526543e+02,-4.128653106598154636e+02
-7.500112312658884548e+02,-8.967517503389311742e+02,-2.823762408546110692e+02
-8.670692134283790438e+02,-9.194561778827516036e+02,-3.652365919346938199e+02
-1.445527036902426744e+03,-1.383611977182125202e+03,-1.330911271236879827e+02
-8.324319135938163754e+02,-8.838926984757979426e+02,-1.347144601684023257e+02
-8.634021539741333982e+02,-8.924284826474672627e+02,-6.670959982247995868e+02
-7.466731243197765480e+02,-1.512101684679924574e+03,-4.616961872624414127e+02
-1.352975459831500530e+03,-1.282425453248074291e+03,-3.828391631528782000e+02
-7.515135136916799183e+02,-1.112791673176218865e+03,-1.598481247731194932e+00
-9.423003062014269062e+02,-7.454971217833283390e+02,-3.991403637689978154e+02
-1.305276042895631235e+03,-1.234505002839178815e+03,-4.071884326000662782e+02
-7.494532200719966113e+02,-1.151740171102359454e+03,-2.725896971346672331e+02
-1.107593762038231034e+03,-1.014547634250603778e+03,-1.471615131329646164e+00
-9.675203743668452034e+02,-1.522709999987154788e+03,-1.357511004134966299e+02
-9.513027814884559348e+02,-1.005959408847568852e+03,-1.305651598200672368e+02
-1.441367316231497398e+03,-1.610412404348895279e+03,-1.289445480738641265e+02
-9.646049589163982318e+02,-1.082965967962177501e+03,-2.773233132443207865e+02
-9.946595417690080012e+02,-1.047733158198120918e+03,-2.633479140284345590e+02
-7.562031008919864234e+02,-1.603828764071000933e+03,-1.405638290628969287e+02
-8.573066284929223002e+02,-1.545044299690871412e+03,-1.764962453019547572e+00
-1.412637505086138617e+03,-1.339794846874988707e+03,-3.950364239665135528e+02
-9.759970734254845866e+02,-9.522634801347405755e+02,-1.386223589769376986e+03
-1.110960598030071196e+03,-1.013133508080188221e+03,-4.360008031358551648e+02
-1.295321811203616107e+03,-9.126248123183667076e+02,-2.616357826096944450e+02
-1.216279345690717264e+03,-1.486158379910948270e+03,-1.733222340714160925e+00
-1.079096640585289151e+03,-1.011316090693936985e+03,-2.658899213184893711e+02
-1.222682751417281452e+03,-1.396158793889513163e+03,-2.674109587561834473e+02
-8.884405396566749005e+02,-8.721406437549857174e+02,-7.252547997523204231e+02
-1.050666095159428778e+03,-1.158077137276820167e+03,-4.126924616699099602e+02
-8.616190924414818255e+02,-1.272687614450170031e+03,-2.738171242339602145e+02
-8.532601955923418018e+02,-8.447555431120923686e+02,-1.288984611089762211e+02
-1.275004332939482993e+03,-1.010931123235201653e+03,-1.992714450239838841e+00
-1.198398857296694587e+03,-1.519357648379006150e+03,-3.909623634104027587e+02
-1.103248792496402302e+03,-9.120942208053276090e+02,-2.681055099703791598e+02
-1.050528057899089163e+03,-1.358471015782167797e+03,-1.284785433036286122e+02
-9.775311930424380762e+02,-1.119094226489286712e+03,-1.307171116806021871e+02
-8.733468192223017468e+02,-1.328528625453844370e+03,-2.642478582184656943e+02
-1.116849102170922606e+03,-1.414777366254717663e+03,-2.951564593348849463e+00
-1.213176458644516060e+03,-9.272475381109991304e+02,-2.618990708363180033e+02
-1.074938233340413490e+03,-1.325149656652988369e+03,-1.305723889608910042e+02
-9.317400859728689966e+02,-1.480188464332479043e+03,-2.675503848301824519e+02
-9.730770263853829647e+02,-1.002077942661818042e+03,-4.309538408393264604e+02
-8.599074402252156233e+02,-1.559576696838186535e+03,-1.424600190746803996e+00
-1.210324506342849645e+03,-1.056433103560009158e+03,-1.331069438723511098e+02
-1.021082693276870032e+03,-1.322205430030116531e+03,-2.684421927328588708e+02
-1.005915297160470345e+03,-1.253985091687174872e+03,-9.396923322533897363e+02
-1.098717601889279422e+03,-9.296362078748906015e+02,-2.689248501189292142e+02
-1.059109443063210847e+03,-1.375067485144418924e+03,-1.285324777962629241e+02
-8.822590293960302006e+02,-1.158008311338640397e+03,-1.498922061323888556e+03
-1.118501148805741195e+03,-1.508487542096808511e+03,-1.305596137737764195e+02
-1.353680663850328756e+03,-1.536173486749486756e+03,-1.333525458701290916e+02
-1.053782825466947770e+03,-1.024983729283670300e+03,-1.319356872617888143e+02
-8.850707621644262417e+02,-1.070264186408163368e+03,-1.274398617020400195e+02
-8.729986166669623344e+02,-1.026795467977163298e+03,-3.968599393010895824e+02
-1.332083230947865786e+03,-7.739629212584210336e+02,-1.324934421779247486e+03
-1.090941404123364919e+03,-1.402973018137789722e+03,-2.728386786539667810e+02
-1.316797095317461299e+03,-1.290397278066172248e+03,-1.336164023836897456e+02
-1.531521015652684810e+03,-1.015075401025496944e+03,-2.687702271663832789e+02
-1.087682207964541021e+03,-1.172758090923060308e+03,-2.700409874108388522e+02
-9.074726284776820648e+02,-7.577917157694770367e+02,-2.154618410924364458e+00
-1.323614245791120538e+03,-8.914975442494577464e+02,-1.320739837981477933e+02
-8.593514026269302803e+02,-1.495402929973639175e+03,-1.297575462687966024e+02
-8.772344220589774295e+02,-1.420907332787227688e+03,-1.396640094578673086e+02
-8.762415806812326764e+02,-1.116853454742255053e+03,-3.847429326520266955e+02
-9.476442897708359396e+02,-1.498994505549657561e+03,-4.644831358309417624e+02
-7.884580607763217586e+02,-8.472225413585596243e+02,-2.652365343352789750e+02
-7.690820058270259096e+02,-1.277724609207545200e+03,-1.304398182132208035e+02
-1.091494972798929894e+03,-1.610899810756352053e+03,-2.605247608449089967e+02
-1.358666632589366827e+03,-8.917898652740734633e+02,-3.838486146509122818e+02
-1.008582108327121318e+03,-8.763369037725844919e+02,-2.929355631335176895e+02
-7.772909501606567346e+02,-7.632474163886753331e+02,-1.313813180483800807e+02
-8.641417628919929257e+02,-7.726584708421723917e+02,-1.521868557604423966e+00
-1.398820597362737544e+03,-1.590364260910117082e+03,-4.337683652250817978e+00
-1.107965699159842870e+03,-7.790274974881996286e+02,-3.890403442123496802e+02
-9.584366310458631233e+02,-7.657790568572783059e+02,-1.299289442204430429e+02
-7.070366101799309035e+02,-8.612904646201845935e+02,-3.896290874484574829e+02
-1.075087378757990336e+03,-1.387410916321463674e+03,-4.512884649806878770e+02
-1.089747021026820221e+03,-1.372569124120040442e+03,-1.276873642926417034e+02
-9.851492583135958512e+02,-1.083547535562787289e+03,-1.291102689098625547e+02
-1.172582961782980192e+03,-7.723088453871405363e+02,-3.796992190464051191e+02
-1.217466516240038573e+03,-1.393465736318315066e+03,-2.664559325694527274e+02
-7.510730946418591429e+02,-7.731222857994937385e+02,-2.824953853874168317e+02
-1.569965402837264037e+03,-7.678853693987711040e+02,-1.287223797719934169e+02
-8.662684441591218274e+02,-6.907568759321648031e+02,-1.307806021662626961e+02
-1.228982552976356828e+03,-9.721389219745971104e+02,-1.290736326565605623e+02
-8.599174432414798730e+02,-1.374047188982263606e+03,-1.304677532725117146e+02
-7.737705799666687199e+02,-8.514204690935289364e+02,-2.600782518122830425e+02
-1.107379572296731340e+03,-8.686608032765154803e+02,-1.293585779690182562e+02
-1.428190249964940904e+03,-7.846357597228320628e+02,-1.292094854345164379e+02
-1.069938924783140465e+03,-1.342584447729758040e+03,-2.540808963538356124e+02
-9.241573307503837214e+02,-1.612257313521484321e+03,-1.318187025909772103e+02
-9.478256939542424107e+02,-1.312320256871971424e+03,-4.000170539971520043e+02
-9.953142996068197590e+02,-9.161965721859074847e+02,-1.307835136168661165e+02
-1.439414418095281917e+03,-7.841408820097317403e+02,-1.296767933757048183e+02
-1.189507432099139351e+03,-1.429278178371316926e+03,-1.316708388957953559e+02
-8.080085045471331568e+02,-1.085447266110816599e+03,-2.531488568548084857e+02
-8.989894176792108738e+02,-1.247777307181755759e+03,-4.359155486845494352e+02
-7.566717840083499595e+02,-1.011480594905777252e+03,-1.302793366027422906e+02
-1.207232077465234852e+03,-1.068685657211201260e+03,-2.647354506999959085e+02
-1.095707442350827705e+03,-1.020463636879892647e+03,-1.421749741663199229e+00
-8.768356773397551933e+02,-9.006029649329161657e+02,-7.835004457356968715e+02
-9.810106281851866470e+02,-8.595025011985925403e+02,-1.319122752993920011e+00
-1.251680251049941489e+03,-1.377799914645538820e+03,-2.317778661722797562e+00
-1.235545528988278875e+03,-1.368860843537606797e+03,-2.728831430317267159e+00
-9.856499179446464041e+02,-7.837889436833070249e+02,-1.304663411610082449e+02
-1.467565189929292501e+03,-1.233321104882990085e+03,-1.288494169055497309e+02
-1.334882601439554264e+03,-1.491370260827802213e+03,-1.343340896207883759e+02
-1.017717259218042727e+03,-1.016683447727255498e+03,-3.856147112492996598e+02
-9.463828272722021211e+02,-1.070488717880605464e+03,-1.283752709865732413e+02
-1.067047671454855163e+03,-1.351216937665866453e+03,-4.013453490605218121e+02
-1.149174771897832670e+03,-1.391011892010969177e+03,-1.266398203436508965e+02
-8.799912712500204179e+02,-1.151329632655797013e+03,-2.758560179661488405e+02
-1.021672505950167192e+03,-1.398017085883444224e+03,-2.733292840171450848e+02
-9.211099479331772955e+02,-6.349815694249348326e+02,-3.922777544254505528e+02
-8.613460768810266472e+02,-7.811264563580085678e+02,-3.090549175292567270e+02
-8.571911308501348685e+02,-1.425304009527122844e+03,-2.545011637564201976e+02
-9.703877917996361475e+02,-1.376260066132791280e+03,-1.305931091871500200e+02
-9.160187022309415852e+02,-1.242386537474307033e+03,-1.601261337987378131e+00
-8.878706260589725616e+02,-1.289639827151797817e+03,-1.296164206952078075e+02
-7.736661915215817089e+02,-1.135741751789696764e+03,-2.482765054622705350e+02
-7.836916682542337185e+02,-9.450376386467245311e+02,-2.729967422517367126e+00
-9.720445180303902362e+02,-1.443697644080185228e+03,-1.364069640211551757e+02
-1.226022536682983855e+03,-1.374633125390152372e+03,-2.557324410320904065e+02
-8.696958152944196172e+02,-1.508167715210913912e+03,-1.278163154000375386e+02
-9.047954348672416245e+02,-1.515457258753399401e+03,-1.282844615765237108e+02
-1.192835583875733846e+03,-1.501418300349889705e+03,-1.570354936523504330e+00
-1.277796062836345754e+03,-7.684831600706385188e+02,-1.316874939747428357e+02
-6.418489782179833583e+02,-1.502413212352593519e+03,-1.376064213966589591e+02
-7.583487780307173125e+02,-7.777278675985786549e+02,-2.593174615027795085e+02
-1.211366359422692540e+03,-8.918223219080226727e+02,-4.097499821807902620e+00
-1.334652590270265591e+03,-7.697928168521519865e+02,-1.451545066673666895e+00
-1.089152456323907700e+03,-7.783793084675954788e+02,-1.286752772222592682e+02
-1.241383700920791171e+03,-1.263269412903355715e+03,-4.018823735501338774e+02
-1.056100413619392839e+03,-1.467982365212720424e+03,-1.274028855619385610e+02
-9.594293660289694117e+02,-1.195152470078610349e+03,-2.922731354779118647e+02
-7.453037216998434360e+02,-1.498617764098929229e+03,-2.636511197187643916e+02
-1.302955845176123603e+03,-7.842680565388737932e+02,-2.874742069770012449e+02
-1.031163103861588525e+03,-7.745719365286827269e+02,-1.282602383775478359e+02
-1.397510796089605265e+03,-1.236246502531300848e+03,-2.539882796744101654e+02
-7.514264622525349751e+02,-1.615340847370952815e+03,-2.690271679624185026e+02
-8.619539339221099681e+02,-7.616380571425537482e+02,-4.957519053496821471e+02
-8.617639536533400815e+02,-6.605144646080611892e+02,-2.520086676063229163e+02
-8.439894516855657685e+02,-1.614692145896202192e+03,-3.699508050872868239e+02
-8.993386099587785338e+02,-7.768596901945396667e+02,-1.296965002463213921e+02
-7.536235099013435956e+02,-1.510315333593869354e+03,-2.594368817115066950e+00
-1.129766036858603911e+03,-1.615121463279499721e+03,-4.291634941754947477e+02
-7.605956433405459620e+02,-1.233317954860676309e+03,-1.802488869032748520e+00
-8.979816329918281781e+02,-1.116267319669404742e+03,-2.711628108797937102e+02
-8.880723526312780223e+02,-7.452737902835145860e+02,-1.321551642816621666e+02
-1.348249941929799661e+03,-1.445420502719646038e+03,-1.891148220348987996e+00
-1.547070238428377934e+03,-6.491004153663345733e+02,-1.322616904319842206e+02
-8.799303488329154561e+02,-1.510084673711623964e+03,-2.577233531773679829e+02
-1.376508486700300182e+03,-1.012842546700150479e+03,-1.306406869124811294e+02
-1.081184930797631978e+03,-1.615081406183991248e+03,-1.326748372733625274e+02
-8.597341108945851147e+02,-6.527618932829523146e+02,-2.761091056374958157e+02
-1.461989152782028214e+03,-8.982371624227235998e+02,-1.565381837732062742e+00
-1.073192370791649182e+03,-9.881759973659425214e+02,-1.275207165169264982e+02
-7.756660328091180645e+02,-1.497044572168661261e+03,-1.297044929441233876e+02
-1.081410656282495665e+03,-1.404349845365902183e+03,-1.296315691210132002e+02
-1.192616302991669727e+03,-1.427431300362909042e+03,-2.848118716863261852e+02
-7.728141804541126021e+02,-1.597308721352901557e+03,-1.290750103433448999e+02
-1.261406051622727318e+03,-1.322916750221242410e+03,-4.160686127557788723e+02
-1.376605311374709800e+03,-1.326028231492378382e+03,-2.184213121351609832e+00
-7.813216106648102368e+02,-1.011327785714109041e+03,-1.476727126531216738e+00
-1.242402568422135118e+03,-1.031870639181827073e+03,-1.289201692570805449e+02
-7.456071809189055557e+02,-1.113145119001589364e+03,-6.334686248832648516e+02
-9.628054311299800929e+02,-1.576215630811647088e+03,-1.326037148157505783e+02
-9.466368856648304018e+02,-1.387368623149700625e+03,-2.617549043623567400e+02
-8.740524152337608257e+02,-9.037784069328508849e+02,-1.319504452440380931e+02
-7.430863441806378660e+02,-1.339232062357960331e+03,-1.334920044208147942e+02
-1.006296403383742927e+03,-1.610647993875824568e+03,-1.260933356908916920e+02
-8.925310479289890964e+02,-1.336305278249220692e+03,-3.194773844065894082e+02
-7.650629835938201495e+02,-1.263549155362983356e+03,-1.349485944630942527e+02
-1.187556333034425734e+03,-1.183035795833019392e+03,-1.276365134730192779e+02
-1.574267022022464062e+03,-1.425898461924421781e+03,-2.629410606289637258e+02
-1.239701997851421083e+03,-9.602235847394056236e+02,-1.313309672846105229e+02
-1.022657205962610760e+03,-8.196311210155427034e+02,-1.447231456927141391e+00
-1.235719853835366166e+03,-1.611348681526098517e+03,-1.307227455720912133e+02
-1.218938312205315924e+03,-8.239082360981913098e+02,-4.007603647110900624e+02
-1.104340818974322019e+03,-1.014138626566784524e+03,-3.910193903062165646e+02
-1.072531282186689396e+03,-6.754507545275960183e+02,-2.539121390515198016e+02
-9.010977367179831390e+02,-1.433767267543049911e+03,-1.335146737903921519e+02
-8.910447147238808157e+02,-1.604708623355573081e+03,-3.567761171948860124e+02
-1.030123063685272655e+03,-1.089684737489735653e+03,-3.693849936451312601e+02
-1.092931698244899735e+03,-1.116721143276979092e+03,-3.910452722201841880e+02
-1.072446558766449471e+03,-1.126412200615440725e+03,-3.686460435545920973e+02
-9.800924907249126363e+02,-1.301600520830790856e+03,-1.961021023642913752e+00
-9.024840518053827054e+02,-1.443351824110563030e+03,-2.810257785197965745e+02
-1.097941393062473026e+03,-7.436094766625675447e+02,-1.393303432624767595e+02
-9.009149181900294252e+02,-7.753016178622862071e+02,-1.291477601138207092e+02
-9.734065939030260779e+02,-1.555086304570293578e+03,-2.775044176298185334e+02
-8.834239112901270801e+02,-1.613813960236328739e+03,-1.344429642918026673e+02
-1.044463011421176816e+03,-1.245448232634831129e+03,-2.605804556614845069e+02
-7.857577977480983691e+02,-1.165821125394733372e+03,-3.496812335418727002e+02
-9.607068842652421381e+02,-1.323267577509262992e+03,-2.622318916546088303e+02
-7.630091056405827885e+02,-9.230605152532600641e+02,-5.588172212854817644e+02
-9.616623971441515550e+02,-1.275791731097052661e+03,-1.305850837366667463e+02
-1.011732749093539837e+03,-6.529606899814739336e+02,-4.719578607472915337e+02
-1.330815368483240718e+03,-1.493802358833833523e+03,-1.298179098249093215e+02
-9.893624770747294406e+02,-7.461954144213787004e+02,-1.322322289658298473e+02
-7.542095861879887480e+02,-1.333534156101309236e+03,-6.343118838777036750e+00
-1.327158242109548610e+03,-1.604443306096459310e+03,-1.270128662860835362e+02
-1.338909519927171004e+03,-7.749519447134846359e+02,-1.301651974913705203e+02
-6.389208834468400937e+02,-1.174041901168212007e+03,-1.320476085309512939e+02
-9.031138403643722086e+02,-1.045624611944036815e+03,-1.315070351434031863e+02
-7.773137104064500136e+02,-1.039041255296280724e+03,-2.677911973038374640e+02
-1.573960399867810793e+03,-1.136102632423985597e+03,-3.764532920018903042e+02
-1.251005244863067901e+03,-1.123177704593929775e+03,-2.636421036747400990e+02
-8.703682630697119293e+02,-1.232444871819429409e+03,-1.324933447043785861e+02
-1.328279781267240878e+03,-1.503890325284365190e+03,-1.561891007608880333e+00
-9.666923074437266905e+02,-1.213540852597883031e+03,-3.106845613509907480e+02
-1.351860261041352487e+03,-7.746019407952910569e+02,-1.325018047002517108e+02
-8.672480945537549815e+02,-8.232956046007955138e+02,-1.290966128895704514e+02
-1.092908175643242885e+03,-6.526514325045715168e+02,-1.271142286423882268e+02
-1.020996314618001065e+03,-1.239006234740293621e+03,-1.297761051402953285e+02
-1.346362647774969219e+03,-1.333053081710280594e+03,-1.295122109588099590e+02
-7.419896532052491693e+02,-1.495673939592676334e+03,-1.283791716459581664e+02
-1.161242160938837515e+03,-1.293128403159329764e+03,-1.293681811560588244e+02
-1.212296605097565362e+03,-1.325117013708187869e+03,-2.674063975040517107e+02
-1.222792399255479950e+03,-1.056731818147964532e+03,-2.732039970433061171e+02
-7.897482786585320582e+02,-1.416933538564523815e+03,-1.295080641435858411e+02
-9.103444909138363528e+02,-1.244533344748292620e+03,-4.028162404287631944e+02
-1.023361750866206876e+03,-7.422934037746546210e+02,-1.286976644398327210e+02
-7.635666769295080485e+02,-1.379803467266740427e+03,-1.268733211576193582e+02
-1.081519041375723191e+03,-9.049611105253321739e+02,-3.875460448090486238e+02
-8.599327469375168675e+02,-1.506277422526550708e+03,-2.193059983204380448e+00
-8.883138807961462362e+02,-7.794810344363237391e+02,-2.543786938422385902e+02
-8.997064564548073804e+02,-6.914002787074585967e+02,-1.296803926046665651e+02
-1.416334636774691035e+03,-1.616422187933948862e+03,-1.292815261750078832e+02
-5.043645218912407131e+02,-9.133577647924902294e+02,-2.686612414590994717e+02
-8.710077764848598463e+02,-6.411970763169995280e+02,-1.613107324502398576e+00
-1.162756969877109213e+03,-1.393240720546741386e+03,-1.325221099242596665e+02
-1.198211757742686132e+03,-8.394190638270958971e+02,-3.159458338552521450e+00
-8.971616635547700298e+02,-8.282505951676157565e+02,-1.316234539700488995e+02
-9.830786507466895046e+02,-8.983375512325711725e+02,-1.299722843449136747e+02
-6.602810252694810060e+02,-9.234740666703586385e+02,-1.684935406901029387e+00
-1.383188428366124526e+03,-1.313571497378972026e+03,-1.504084245174526814e+03
-1.097497064121657331e+03,-7.748993181813933688e+02,-4.444999426554882120e+02
-1.294027060562259294e+03,-8.892059531256522860e+02,-2.566220169340321604e+02
-9.070522841821338034e+02,-1.535300003153065063e+03,-1.300206020695648874e+02
-7.387825355443912940e+02,-8.854216603798936376e+02,-1.288264128089027167e+02
-7.773063309762030713e+02,-1.173572747361639586e+03,-2.896895743859150230e+02
-1.327621182934969738e+03,-1.495366117179596358e+03,-1.298404484704699087e+02
-9.990238890119102280e+02,-8.308291084796912855e+02,-2.704584610453644586e+02
-8.992403103921941465e+02,-9.229956543610302333e+02,-2.592958409864799023e+02
-1.215585828710747592e+03,-1.490884017572603398e+03,-1.538767162934206345e+00
-1.074090217041343067e+03,-5.117751105503079430e+02,-1.310959405013909986e+02
-9.950184010633890921e+02,-7.779792809409623260e+02,-1.301403961442412651e+02
-1.253882025761422938e+03,-8.299255230608542888e+02,-1.317037866267846198e+02
-8.556456384617000595e+02,-9.161169584686925873e+02,-1.338536078353708945e+02
-7.735761576401966977e+02,-1.381905135093614717e+03,-1.289611104657217879e+02
-8.837181491355657954e+02,-1.247759824576693291e+03,-1.586294895676978456e+00
-7.569564113722400407e+02,-7.937799427546821107e+02,-2.496303264730529463e+02
-1.103661563387250908e+03,-8.973691022764868421e+02,-2.625390778026150542e+02
-1.198562746516101697e+03,-1.327623335598758331e+03,-2.618812537153243056e+02
-8.943850957860008748e+02,-1.366579505778712019e+03,-1.314514796244429817e+02
-9.218586197405464873e+02,-1.028357547320296817e+03,-2.826378205534929293e+02
-7.663101026336175892e+02,-1.022774404578670897e+03,-1.325353730604238081e+02
-1.400686221072670378e+03,-1.022221521982861759e+03,-1.289954415046712484e+02
-1.397865689571366147e+03,-1.268024589890226707e+03,-2.996680939395997143e+02
-8.737558599914490287e+02,-8.918118809271232976e+02,-5.136274133447392387e+02
-9.586941158845260134e+02,-1.180128314617467367e+03,-1.304286882198188380e+02
-9.898371866357751969e+02,-1.057040355004280400e+03,-1.350033490036674095e+02
-7.196258464384115996e+02,-1.613737675514315015e+03,-3.926686024130921169e+02
-7.434678376467085172e+02,-1.024584785104574848e+03,-1.338792391190080480e+02
-8.646433669460143392e+02,-1.371550674184145009e+03,-5.375803927727328073e+02
-1.009948821370716587e+03,-1.018220747952005013e+03,-2.629145655766771483e+02
-9.280261108125565670e+02,-1.162563214511942761e+03,-1.319880943021634039e+02
-1.295622953646628503e+03,-1.418669712408255009e+03,-2.706579945202388444e+02
-7.955916705775323408e+02,-1.205043702801121071e+03,-1.288234283568235128e+02
-8.792904518157085931e+02,-9.115683941525976479e+02,-3.370623387001686524e+02
-1.437213493673032190e+03,-7.959527926628220484e+02,-8.876318046510915565e+02
-8.945752441304149443e+02,-8.980128659991202085e+02,-7.251164777326692956e+02
-1.536186516816617541e+03,-1.146603656132220067e+03,-1.312890607787280430e+02
-1.184732431124496088e+03,-1.038512662393782648e+03,-2.742298400311116211e+02
-1.114479670214788939e+03,-1.065202151814784656e+03,-1.314168801647515181e+02
-7.497405542864125891e+02,-6.857857152168679704e+02,-3.783080620598102541e+02
-1.577556282718534703e+03,-1.168225980666916485e+03,-1.259534746193148891e+02
-8.977445461566089762e+02,-1.541281601647619937e+03,-1.634343223306071957e+00
-1.069413798643699920e+03,-1.171172143327990170e+03,-1.284303778779809306e+02
-9.925147756058081541e+02,-1.123080572281955483e+03,-3.818480871640261967e+02
-7.619480698756663060e+02,-1.172255362609287886e+03,-1.306112272874575240e+02
-8.816385943733507702e+02,-8.124487886110977115e+02,-1.461234755080784709e+00
-8.764497919005610811e+02,-1.112308999393263548e+03,-2.535503033020407315e+02
-1.355190393664300245e+03,-8.981094632706159473e+02,-2.563675118915851954e+02
-1.068166094012485246e+03,-1.542608916981492030e+03,-2.576983939835470778e+02
-8.898791038626219461e+02,-1.523680282173740125e+03,-1.332985001213277201e+02
-9.725115880675838298e+02,-1.018826111112055059e+03,-2.697566070675584342e+02
-1.135126249924398280e+03,-1.098666584881237441e+03,-3.942373103359626043e+02
-7.377319910733762072e+02,-1.326008011314775331e+03,-1.313415332616776254e+02
-9.860131306802554718e+02,-1.026918759014229636e+03,-1.635613839190587226e+00
-8.993639135785758754e+02,-9.191740382972000134e+02,-3.675566856192806995e+02
-1.192763515894111151e+03,-1.120138253466578817e+03,-1.318929725142859581e+02
-1.085575032989442889e+03,-1.574337956301093982e+03,-2.590658319915533525e+02
-7.648927611993049140e+02,-1.205544799549049230e+03,-1.287326886549865321e+02
-1.368622370331153434e+03,-1.208947816769586552e+03,-1.309608210347580268e+02
-1.167488322874804680e+03,-9.883577632214947926e+02,-3.824509820213646663e+02
-8.999841958146324714e+02,-1.050007228979798356e+03,-1.274803299460409391e+02
-8.592860549161974859e+02,-1.380745444432768181e+03,-2.558371854991386840e+02
-6.166223927363834036e+02,-1.052640512219457833e+03,-1.811805078304637995e+00
-1.225657428156383048e+03,-1.232139296328256705e+03,-1.322671105682474604e+02
-1.484991483278074838e+03,-9.735359660101992176e+02,-1.318321999885102684e+02
-1.248323891107643931e+03,-1.044190194136274840e+03,-1.294268139121535626e+02
-6.455298221179998563e+02,-7.826741744512332843e+02,-2.638177551105901557e+02
-1.327278288077688330e+03,-1.182097361025626014e+03,-2.588134202788642710e+02
-9.734192966621369578e+02,-1.109330973342960988e+03,-1.269873351941950830e+02
-1.088334766208257406e+03,-1.143745936273023062e+03,-5.118822208281173971e+02
-9.741953025277177858e+02,-9.299054380048329449e+02,-2.323851560116664050e+00
-1.074332193520661804e+03,-1.120025082295884886e+03,-1.299036847605811715e+02
-1.456044205928538759e+03,-1.026666910034148032e+03,-1.315460697850833185e+02
-9.463052136155856715e+02,-1.598216669136361929e+02,-2.102567875215397120e+00
-1.094058221047812140e+03,-7.787723737822408339e+02,-1.315498071165034730e+02
-9.720311482955654583e+02,-1.611837993326232890e+03,-1.305550716201352373e+02
-1.183340456391447560e+03,-1.349838225448617095e+03,-1.294849907562577584e+02
-8.559898213365233914e+02,-1.244287057909855548e+03,-1.287831290515307501e+02
-1.107978874339106824e+03,-1.057533415674851767e+03,-4.134547524515120358e+02
-1.092001668246223289e+03,-1.378031351775589883e+03,-3.919496698165739303e+02
-8.198026204147328144e+02,-1.044375103973070281e+03,-2.641279294052570208e+02
-1.197155383247606323e+03,-1.036241141950739802e+03,-1.323086202399016713e+02
-7.791755263316268838e+02,-9.184375138561226777e+02,-1.267522959560755709e+02
-9.754806423746163091e+02,-7.881488296718785023e+02,-1.613379798084167094e+00
-1.247832402095436464e+03,-9.037709107211308037e+02,-2.549344086255242985e+02
-9.229770361741756233e+02,-1.437908594754139813e+03,-3.783343705023636403e+02
-8.851023802997892744e+02,-1.005731820735310635e+03,-1.309775297290501044e+02
-1.367361531253603061e+03,-1.503215621685245878e+03,-1.334366419299537938e+02
-9.491956397730165236e+02,-1.610840528770080255e+03,-3.729828827889194258e+02
-1.358418612758909603e+03,-7.760623289653447046e+02,-1.300058078854985126e+02
-9.212730118309806358e+02,-1.082307994746606028e+03,-3.773981584882847642e+02
-8.240533228737792797e+02,-7.721042178214198657e+02,-1.263950852800152802e+02
-1.033160188796302464e+03,-9.826489325141657218e+02,-1.321207339104230698e+02
-1.215959265661858353e+03,-1.030397853317724866e+03,-1.591459055900708242e+00
-1.028790811391198304e+03,-1.522851479873425433e+03,-1.262109337008297416e+02
-1.056443739794670364e+03,-1.555307017925091031e+03,-1.299253169300701529e+02
-9.277693285080551959e+02,-1.492174064119548802e+03,-4.065828679152215841e+02
-1.089073522754895976e+03,-1.162323056136133573e+03,-1.331773069265148308e+02
-1.127719897504856817e+03,-1.441614298565619947e+03,-4.011502183138151736e+02
-9.569993577931617210e+02,-8.001791145469447883e+02,-2.606665706560116860e+02
-1.355144210155132669e+03,-8.717425340441615162e+02,-3.410202769903913911e+00
-1.391857364580898320e+03,-8.266403284631035149e+02,-1.283003870893279839e+02
-1.212376449250175710e+03,-7.889131943960295530e+02,-1.372416402119159784e+02
-1.276799900400508932e+03,-1.051855764322542882e+03,-2.490119471592921059e+02
-9.872194962244057024e+02,-9.266577963649862113e+02,-2.764065649880398041e+02
-1.007253501475263079e+03,-1.505388617557021007e+03,-1.516023957829234492e+00
-1.184928438407704334e+03,-1.576056385242138958e+03,-1.288610098846736776e+02
-8.852833108720527662e+02,-8.985743459998617482e+02,-4.129169172536276733e+02
-6.598962669801982202e+02,-7.796743027823555394e+02,-2.730551878381282904e+02
-8.448077309005647066e+02,-1.258376352086728502e+03,-1.312864332866931818e+02
-1.016099704169282859e+03,-5.337685015014121745e+02,-1.308972242355916364e+02
-8.927711624778040687e+02,-7.520240049846501051e+02,-2.599188360193508061e+02
-1.127244164875722618e+03,-1.060918633691819196e+03,-2.631783437637726024e+02
-1.473031239871239450e+03,-1.557257830077710423e+03,-1.317582228598851088e+02
-9.048673249292312448e+02,-1.160583011637683740e+03,-2.907759859038707262e+00
-9.126821116060865506e+02,-8.767297723827556410e+02,-2.595335774731984202e+02
-1.077581463899239225e+03,-7.572756832801936753e+02,-3.770899553441580565e+02
-1.241694470215679758e+03,-8.986358862759387875e+02,-1.290778144168561994e+02
-7.752569775113915966e+02,-7.720293907110642522e+02,-1.887206834489059348e+00
-6.604989485352377869e+02,-1.241850142551396175e+03,-1.345039401377817398e+02
-9.937087741772628533e+02,-1.198529106675174489e+03,-1.403323494103967173e+00
-1.273776029435825876e+03,-1.001951489839404644e+03,-1.294294411562258631e+02
-8.567030673464171286e+02,-1.228819568631218999e+03,-3.925924398074677697e+02
-1.237342276657286220e+03,-1.134087998440751790e+03,-1.475372484093768310e+00
-1.370326219282907687e+03,-1.056954968732253292e+03,-2.622954594262196792e+02
-9.903351610045149300e+02,-1.188226449729429987e+03,-1.334694505106591578e+02
-1.115866388184359266e+03,-1.509286472695746170e+03,-1.287404477127640519e+02
-8.817701252850531546e+02,-6.963084129628299479e+02,-1.275815095772294683e+02
-8.241760808303714612e+02,-9.429513849935186727e+02,-1.350555426580499443e+02
-9.914179403765754159e+02,-9.222727250886767933e+02,-4.637034772122800632e+02
-7.222247057541708273e+02,-9.168636786110339472e+02,-1.309522875413282463e+02
-1.090925121856144187e+03,-1.498925927959186311e+03,-2.276488145474588443e+00
-9.967978434352253316e+02,-7.608617266019076624e+02,-1.357595707192619159e+02
-1.123504923184584186e+03,-1.375768064856167712e+03,-1.350938957726054355e+02
-1.071726080702128002e+03,-1.112596753222080679e+03,-1.319270317049247296e+02
-1.017680332086704766e+03,-7.751875769141605588e+02,-2.605349118442319423e+02
-1.006364749534636076e+03,-7.691204141072889797e+02,-3.702378026696077882e+02
-1.268858990917172605e+03,-1.361346757304796711e+03,-5.999605147934458955e+02
-9.807325637659602080e+02,-1.277868306165808008e+03,-1.304198828104509289e+02
-9.577080629975722559e+02,-1.065949769354062482e+03,-1.520625269393500956e+00
-7.735726104529505847e+02,-1.047661267786695362e+03,-2.674724029854093601e+02
-7.815344970400478815e+02,-1.203681540461637951e+03,-1.310842202174393663e+02
-1.073018857409789007e+03,-8.925782480251699553e+02,-2.539527557012116858e+02
-9.022689717690792577e+02,-8.834291937646620454e+02,-2.671356071224971060e+02
-8.510528356316669942e+02,-1.076158217203601225e+03,-2.587040802986821859e+02
-9.872177115218026984e+02,-8.899486724128780679e+02,-1.334228557206562016e+02
-9.896127776114138896e+02,-7.734173027174310846e+02,-1.292298239065950725e+02
-8.495351236031700637e+02,-5.203237784577333969e+02,-1.312420779370793014e+02
-8.427203974419650194e+02,-1.226154520216123728e+03,-2.659256474484998876e+02
-8.387486296892269593e+02,-5.205863675883368842e+02,-1.343520165759290137e+02
-1.004076609800898154e+03,-7.813071039118528915e+02,-3.723173967678276313e+02
-9.982914452310534443e+02,-7.750979035889721445e+02,-1.534880327434172465e+00
-1.085165455512899825e+03,-9.190868083143535614e+02,-5.323901655390634460e+02
-8.896222249640707105e+02,-7.724935935386672554e+02,-2.539542407668946566e+02
-7.619668535917093095e+02,-6.980969640927819455e+02,-1.318272152215180881e+02
-1.001985815140514205e+03,-1.023389303036046613e+03,-1.289849702338534314e+02
-1.174670501593707741e+03,-8.577658183712605933e+02,-1.317848537119343355e+00
-8.671480504172152450e+02,-1.241324941717667116e+03,-1.317321581515776359e+02
-1.476226313828335151e+03,-1.215845030756070855e+03,-1.318231089333522732e+02
-9.108250392485138036e+02,-5.262818118374955247e+02,-1.282993325495153840e+02
-1.405170164770338488e+03,-1.074584870902668854e+03,-3.327890726007461240e+02
-7.273887604399918700e+02,-7.736041202236716572e+02,-1.320923183077679539e+02
-1.143089990281067685e+03,-9.158982001030949505e+02,-3.016250594528689248e+02
-1.231282200610706013e+03,-1.264004465286731602e+03,-1.309339210027038973e+02
-8.568228167101218560e+02,-1.233184145165189420e+03,-1.318511431757271737e+02
-6.396654200928904856e+02,-6.909718063233170824e+02,-2.223156511950718617e+00
-8.899814710557142234e+02,-7.764153593466332950e+02,-4.410024085647145853e+02
-9.271874567753384326e+02,-1.057485629729621451e+03,-1.365289563857406279e+02
-1.146177064396658579e+03,-1.007667269489782029e+03,-1.319694990911985144e+02
-9.905926881207658425e+02,-1.187500395589840991e+03,-1.318673998451134537e+02
-7.647219340008821291e+02,-7.278526397086779980e+02,-2.574782359757421659e+02
-9.069678975857326577e+02,-6.512613576167344718e+02,-1.594836974827628762e+00
-1.532064666909846210e+03,-1.610128014183612322e+03,-1.286736698260382354e+02
-8.771399146447864723e+02,-1.637204866237819488e+03,-3.852956607370533675e+02
-1.218878661530829049e+03,-1.519743967514951464e+03,-3.864331043654402720e+02
-1.025603445478340745e+03,-1.073112577185635473e+03,-1.270502834837876094e+02
-1.208116456439192689e+03,-6.453317802149658746e+02,-1.318521858644336362e+02
-8.726321918135836313e+02,-6.522837023327812176e+02,-2.525518976053974143e+02
-9.028512414652104781e+02,-1.556477922205750701e+03,-1.333983188421663897e+02
-9.548595095606385712e+02,-1.331682569786943077e+03,-2.681967225908379078e+02
-7.702248616794749978e+02,-1.198131434064430323e+03,-1.286307310588265125e+02
-8.897606358509259508e+02,-1.001486833801350713e+03,-1.275475301611799637e+02
-9.455120838444141782e+02,-1.491600866996160903e+03,-1.993762734970520922e+00
-8.912340195210613274e+02,-1.585013583445366976e+03,-5.330303871589136406e+02
-7.554075293245020930e+02,-7.909511297543031105e+02,-1.308966019356379888e+02
-8.762080061140903808e+02,-6.745543723243088152e+02,-1.274378625603602302e+02
-1.010149162270003103e+03,-1.192600300678340545e+03,-1.291165050893491184e+02
-1.064657103593295460e+03,-6.598446560942021506e+02,-3.928321882031779637e+02
-8.551421963483195441e+02,-1.409483539667418199e+03,-1.380997740155704321e+02
-1.378394030527231052e+03,-1.184731351724524984e+03,-1.266647289937757535e+02
-6.441899415637442416e+02,-8.536963089862675815e+02,-1.393108985235683273e+00
-9.741316121419390583e+02,-7.786342741349550352e+02,-1.258087035645232419e+02
-9.579604131419195028e+02,-1.519404113068913148e+03,-2.637097186905294848e+02
-8.817272721534096718e+02,-1.241796022033314784e+03,-2.609089256417667002e+02
-9.639471007087820453e+02,-1.376202213934422161e+03,-2.480321640768113127e+02
-8.844575364895216580e+02,-5.407064999323416714e+02,-3.735198843464407901e+02
-7.824278607083233510e+02,-7.872864302354179245e+02,-1.268045366908044684e+02
-9.045038362062670103e+02,-1.515164248170147630e+03,-3.605321874386808076e+02
-1.260180142839175915e+03,-7.326255641197466275e+02,-1.268417722601523820e+02
-1.607740730535574130e+03,-1.236491317699189494e+03,-3.867225951220463571e+02
-7.826163722887183667e+02,-1.576466692942270356e+03,-1.632854570987604559e+00
-8.907560585075619883e+02,-5.297009939690780129e+02,-4.126367398175973449e+02
-1.044668333957876939e+03,-8.406327505284898507e+02,-1.334154500837679791e+02
-9.910733017834819520e+02,-2.697117423782161154e+02,-1.298283585773463926e+02
-9.688373207141178227e+02,-6.524264727176525867e+02,-3.762694989137462471e+02
-9.649342291000828027e+02,-1.018415774856273174e+03,-1.288199954497284807e+02
-9.911829007146538970e+02,-7.214383887203451877e+02,-1.261207430836065271e+02
-9.708811750867589581e+02,-8.241493277624524580e+02,-1.249813666944203163e+02
-1.558445840486199586e+03,-1.130238522838360723e+03,-1.323486807044985483e+02
-1.576067332464929450e+03,-1.215865272349298721e+03,-1.916342406120314479e+00
-8.413385244832054468e+02,-1.536158480635094065e+03,-1.314208335121263076e+02
-8.839525546740533173e+02,-1.344492412103751349e+03,-1.265732256865548209e+02
-8.930925743281125051e+02,-1.365566347724707974e+00,-3.876677556791284474e+02
-1.096143752976967107e+03,-1.610281566868718983e+03,-1.273121884488008106e+02
-1.017188090578838114e+03,-1.176663903052736259e+03,-1.882122447510745200e+00
-9.513555535423423635e+02,-9.018277302595971605e+02,-1.314168340135818767e+02
-8.980236926003001372e+02,-7.639112061120600856e+02,-1.307707845226270820e+02
-7.667739173065355089e+02,-1.263235859897992668e+03,-1.270733389174040582e+02
-9.723206571925744583e+02,-1.493219855262896999e+03,-1.622812925616246460e+00
-1.211516758365745090e+03,-1.050485022373015454e+03,-1.286334685984608086e+02
-1.000967467998602388e+03,-1.494227576028902604e+03,-3.738485078303604041e+02
-8.866749621049951884e+02,-1.290530403796723022e+03,-3.092238075461291373e+02
-9.710941239974275732e+02,-9.929505480166677671e+02,-1.276746103364154123e+02
-1.115312217891691489e+03,-1.155533526574484085e+03,-1.284311914613833210e+02
-1.357001961299476534e+03,-1.139023684452362204e+03,-2.594633205316413296e+02
-1.018101572585439499e+03,-8.197964179268275302e+02,-2.807900799351772889e+02
-1.066261581323261908e+03,-8.839936386908125314e+02,-4.904904621275392174e+00
-1.176480154547693473e+03,-6.559561687056487926e+02,-1.315959026261100462e+02
-9.588374494474267067e+02,-1.204065181344595203e+03,-2.776506630531577571e+02
-1.047765130869056293e+03,-1.076053878469374922e+03,-3.273084299057661610e+02
-6.693025133164895806e+02,-1.348842777203504966e+03,-1.554294223454434576e+00
-1.354548247343006778e+03,-1.569873448450906153e+03,-2.653212741619840358e+02
-1.150960473004735832e+03,-9.781865511274241953e+02,-1.307832499119076886e+02
-1.416215273538314023e+03,-7.694079099575333203e+02,-1.316184783006507644e+02
-1.201146872004376974e+03,-6.654765842644901568e+02,-1.300243557372904775e+02
-9.006772118605837250e+02,-1.564486943904614009e+03,-1.280851156771775834e+02
-1.010173224496747480e+03,-1.152131275557124354e+03,-2.536044422362294597e+02
-9.927550621372065507e+02,-1.499061596540466098e+03,-1.307382418001131725e+02
-9.573603232009379553e+02,-7.811568044209324171e+02,-1.269537149886955660e+02
-9.100341040081289066e+02,-9.017374662023632936e+02,-1.300052530574216121e+02
-1.029528514376962221e+03,-5.179059243624299143e+02,-1.325068176499683545e+02
-1.235771043905059059e+03,-1.140138357600219024e+03,-2.671848036388774403e+02
-1.211403774191254797e+03,-7.781920697826474225e+02,-1.313343064125108981e+02
-7.486003111304227104e+02,-6.843226374950614854e+02,-1.301834252740628699e+02
-1.144775496051844584e+03,-1.193452153421231515e+03,-2.963433277006752178e+02
-1.025077472743356566e+03,-1.125651464640275435e+03,-1.286307619955744030e+02
-1.058493088865363916e+03,-9.776938146640303557e+02,-2.543113716334799790e+02
-1.406055469816146797e+03,-8.128808952629880196e+02,-2.141526038734259618e+00
-1.061653552841471765e+03,-6.491633716744865978e+02,-1.316986674555888612e+02
-7.619003827870534451e+02,-1.152228805235631626e+03,-1.331322748895567543e+02
-9.912825365750566107e+02,-1.210561584995451540e+03,-1.298730548865305252e+02
-8.952395833014354594e+02,-1.053744325101531786e+03,-3.306706239719251244e+02
-8.780870631185041475e+02,-6.515636174962240830e+02,-3.755553704235082364e+02
-1.205987510952099683e+03,-1.062955184183079382e+03,-3.873386118941632503e+02
-7.529923788834809102e+02,-5.236319896090919883e+02,-1.323570417844901215e+02
-9.022878460939356273e+02,-6.501878236824613850e+02,-1.724485850823882505e+00
-9.918550328865807160e+02,-6.549671853206057222e+02,-1.296870161405505257e+02
-1.079522650754032384e+03,-6.309977371431588153e+02,-3.202592898951087932e+02
-1.127887361342944359e+03,-8.640284268545818804e+02,-1.295350405555207374e+02
-1.024267036070889844e+03,-1.511149972905768891e+03,-3.943854769318128888e+02
-1.231352458447871186e+03,-1.239005217462276505e+03,-1.326274161279758914e+02
-1.205732903882157871e+03,-1.499100151140738944e+03,-1.340223561599499646e+02
-9.122808877799022866e+02,-1.061218225532782071e+03,-2.716119351562884958e+02
-8.295880411879995791e+02,-1.072518485242660745e+03,-2.629548565041199026e+02
-8.972117463581871561e+02,-9.024797863305432202e+02,-1.305850419498634949e+02
-1.231704233215703198e+03,-1.329750467136829911e+03,-3.766162863110913008e+02
-1.226824009884202042e+03,-1.456065771123993045e+03,-3.696541938607142583e+02
-1.330690948897517274e+03,-8.781595221445174957e+02,-1.290454645999520835e+02
-1.072126054100079273e+03,-1.046563555071719520e+03,-3.804686368715298954e+02
-9.747227563697274491e+02,-1.228818864321785213e+03,-1.289848840243938355e+02
-1.179479319502037242e+03,-1.022229808719827133e+03,-3.313735751096232889e+02
-9.873996608254120702e+02,-6.617173411025152063e+02,-1.277984003804151314e+02
-1.005766676554819128e+03,-1.036598710440677451e+03,-1.285872324222227405e+02
-7.608440102000193974e+02,-1.570805094913160019e+03,-1.378913924033795979e+02
-7.702135230014544049e+02,-7.755505235024962758e+02,-1.248962894343702033e+02
-8.590308658149305074e+02,-1.307147852112906776e+03,-1.336588459916016491e+00
-1.418657576033727992e+03,-1.578516764404350852e+03,-1.303712537464614627e+02
-7.328618883994174666e+02,-7.416603611444187436e+02,-1.459737495636734383e+00
-8.585091445479879440e+02,-1.186599855339511350e+03,-1.289835746334154578e+02
-5.089017415645560050e+02,-1.496403427392484218e+03,-2.704634910394779013e+02
-1.143926697188561320e+03,-8.520475179496825149e+02,-2.308870801796248706e+00
-1.339133471772304802e+03,-6.428745135817433720e+02,-1.301749246826883564e+02
-1.073385847608854647e+03,-9.089663719692292716e+02,-1.332836698034891185e+02
-1.402495240078437064e+03,-7.755905427422839011e+02,-2.868989201913143461e+02
-1.138182193395983404e+03,-1.051368644804837459e+03,-5.037488008813780311e+02
-7.745333937978759877e+02,-7.721605059855314721e+02,-2.662259413855938419e+02
-9.941015017731972421e+02,-1.337316520403707898e+02,-3.810596660515833491e+02
-1.009938129787397997e+03,-1.072348327253726438e+03,-1.278740419140554678e+02
-7.740966373976907562e+02,-7.832192381696787606e+02,-1.293190123885158016e+02
-8.682911951875709065e+02,-7.990407653573819289e+02,-1.745256786546685923e+00
-1.010691704896926922e+03,-9.973345367219732225e+02,-2.854306268537678193e+02
-1.113193459058898725e+03,-1.139072242143193080e+03,-1.293426831455775243e+02
-7.883685149554295322e+02,-1.059854424646396410e+03,-2.797523464168040732e+02
-1.304891610679631412e+03,-8.944346440616743621e+02,-2.667745451134181849e+02
-9.753611625255823583e+02,-1.137632553964682756e+03,-4.250197360535726716e+02
-8.685560568591926085e+02,-8.049127505568233119e+02,-1.313591125347420814e+02
-7.651071719951313526e+02,-7.765533195355012595e+02,-2.542138961909512886e+02
-8.742667831760455783e+02,-1.711438496394302319e+03,-1.318742885498215855e+02
-1.282141333553244067e+03,-1.502669647437890490e+03,-1.302488615883576983e+02
-8.797769622715001105e+02,-1.243132909866373666e+03,-1.308825125283656803e+02
-1.207768317289176821e+03,-6.122530673286559022e+02,-1.263770397525133831e+02
-1.377722596652763968e+03,-3.901787614639117123e+02,-1.337836708124318319e+00
-1.007853629739702569e+03,-1.041348458339042281e+03,-4.013478801019297748e+02
-9.929279756184486132e+02,-1.166711124387664540e+03,-1.269812318086768670e+02
-1.126723812189776254e+03,-1.113193255275876936e+03,-1.322409505424190002e+02
-1.043004132505097004e+03,-3.903494322135812240e+02,-2.610207492630692059e+02
-8.857930254477778362e+02,-1.285649883378686809e+03,-2.626195910688500668e+00
-1.024381781881930692e+03,-7.763382788202854954e+02,-4.135474471760804818e+02
-1.082248366432202147e+03,-1.579811708735899174e+03,-2.941406933421152416e+02
-1.086690735512192305e+03,-4.011042323007165464e+02,-2.660997092560783699e+02
-1.073415754905221547e+03,-1.304471041791862717e+03,-1.287996201549385376e+02
-7.377586409600977504e+02,-1.322120351071425830e+03,-1.352884205328280984e+02
-9.917844489960021974e+02,-1.224783758168571239e+03,-1.276204088001603907e+02
-1.030909322876776514e+03,-1.210029209459061576e+03,-4.187217980811614098e+02
-1.005336954767577026e+03,-1.343249732168283799e+03,-2.650818407827167107e+02
-1.017681804873638839e+03,-1.069868525567649613e+03,-2.666392632037056956e+02
-1.003301941833412229e+03,-1.605699066052137368e+03,-1.278754584395171321e+02
-9.909679468966735385e+02,-6.625264624913803573e+02,-1.252517683314490142e+02
-9.632369156438301161e+02,-1.071216171908571368e+03,-1.320002427965434322e+02
-1.182354391144908959e+03,-1.276051534855429104e+01,-1.606758070363542013e+00
-1.020288882630970988e+03,-6.788727307716782207e+02,-2.666802924907491388e+02
-1.183322151942921892e+03,-8.864366741566899464e+02,-1.295581612063313344e+02
-8.775499466932189989e+02,-6.513042354769137319e+02,-2.528322375269607392e+02
-1.321315799911785234e+03,-7.831897456843487362e+02,-1.970519807027340864e+00
-1.102017375433458255e+03,-1.141389922368414318e+03,-2.687357521177049193e+02
-1.174819392972005289e+03,-1.499977004744838041e+03,-2.515601903182330830e+02
-7.719310750390599196e+02,-1.080873551611409766e+03,-3.377067955908455019e+02
-6.397405327134980553e+02,-1.032043532117343602e+03,-3.838423563457661203e+02
-7.988755582087620724e+02,-1.386614139506873016e+03,-1.306766917264439201e+02
-6.422514257282538210e+02,-7.825692885499383920e+02,-1.336301973077340506e+02
-8.852805868880642493e+02,-1.578044616635862212e+03,-2.657108274197911442e+02
-1.083026177557489518e+03,-2.828019842046377903e+02,-1.250594851585135103e+02
-7.158699085372617219e+02,-9.054250083514509697e+02,-1.305040679237717711e+02
-7.487372626602273158e+02,-1.614522067469752983e+03,-3.828989825977096757e+02
-8.269013480245077972e+02,-1.264543583830868556e+03,-3.931260533987996268e+02
-1.243030076706317232e+03,-3.841489710468637782e+02,-1.297131453727720896e+02
-7.747428887571854830e+02,-1.592005932800942674e+03,-1.335037087401071858e+02
-1.432799615232755286e+03,-1.045078825343138305e+03,-2.123019017105422179e+00
-9.352082736986874352e+02,-1.152998726903347688e+03,-1.319611517077152030e+02
-1.064630884312164881e+03,-1.032403400008487552e+03,-1.316749817092684571e+00
-9.103367477353592676e+02,-9.469751482522929109e+02,-2.669061907973725170e+02
-1.344430038901396756e+03,-9.178695814812770095e+02,-1.328525574069138599e+02
-9.732259652593504597e+02,-1.497621086278964185e+03,-1.313834947744004751e+02
-9.444575211359770037e+02,-1.273556507577528464e+03,-1.299761102888521407e+02
-1.045395653250311852e+03,-1.475068586192717930e+03,-1.262758885135469882e+02
-9.270774057861021902e+02,-1.323857772687857732e+02,-1.347072482703192406e+02
-7.669994900872133030e+02,-8.673730735050103249e+02,-1.306887625960887362e+02
-1.135337141592556463e+03,-1.158568928621677287e+03,-1.376549966805126815e+02
-8.743676490654806912e+02,-6.285617871115116486e+02,-1.255505476936903477e+02
-6.346330618466038231e+02,-6.484417112512281847e+02,-1.259220490366039513e+02
-9.993247194943049863e+02,-1.341042173368350916e+02,-2.571074593650133124e+02
-1.291981224502478426e+03,-1.209977794308295415e+03,-1.895540814775245941e+00
-1.067648445359259313e+03,-1.495947624699141898e+03,-2.805478355245963940e+02
-8.786150134547915513e+02,-1.336064183319333779e+03,-1.481388957090269187e+00
-1.092705574066761528e+03,-1.215777374200982422e+03,-2.629183355560720656e+02
-1.306207327416324461e+03,-1.291627762792075771e+02,-2.699201526553808890e+02
-6.863265500974424640e+02,-9.118538355522766778e+02,-4.100199314311533954e+02
-8.981452347772885787e+02,-6.629279386406326857e+00,-1.284875107743630451e+02
-8.816033508354792048e+02,-1.179161401981414429e+03,-1.316943675888071539e+02
-9.884435759487147379e+02,-1.246619595055516584e+03,-1.294315296779944333e+02
-8.893117479400719958e+02,-1.038071394565415403e+03,-1.285530275391339501e+02
-8.738503162804636304e+02,-1.065287600735767910e+03,-4.031046130165524346e+02
-1.070306936820046303e+03,-1.045789543556367789e+03,-1.282175072830713987e+02
-1.067922448195500010e+03,-1.259052222739552008e+03,-1.269463069955340018e+02
-1.173431673116774164e+03,-1.352292928309036801e+00,-3.502239867515062883e+02
-8.866679889663361109e+02,-1.256313091524014681e+03,-3.736179186019921872e+02
-6.688290703475315695e+02,-1.324000904200199329e+03,-3.917921211782492605e+02
-8.756109074496957874e+02,-1.011064904787036426e+03,-2.596519548497167875e+02
-9.728109033036928395e+02,-2.612273949008680347e+02,-1.315941293640356093e+02
-1.123778445738273831e+03,-3.919894378705965323e+02,-2.507401016955636521e+02
-8.347085851016689730e+02,-1.008162895802035564e+03,-2.515085854376129078e+02
-1.210282391947175483e+03,-1.611433147143936139e+03,-1.315432308573230671e+02
-1.087570823407009584e+03,-1.153743991376622716e+03,-2.609028288570700056e+02
-9.080907217924615225e+02,-9.447015284362671537e+02,-2.566264381371610739e+02
-1.016376041582265657e+03,-3.228579309584152846e+00,-1.297956071725024856e+02
-1.305973174457289588e+03,-1.391607242044021531e+00,-2.726548560178247271e+02
-1.049189469291542309e+03,-4.047658959683219564e+02,-2.533028223213717069e+02
-8.792657976835112095e+02,-9.041992819273539226e+02,-3.182065920189666599e+02
-1.243897941148544760e+03,-1.411651028665361407e+00,-4.080391385208804991e+02
-9.623827174622762186e+02,-4.950021117552176442e+00,-1.294058654500892374e+02
-8.727311888551904531e+02,-9.681575230073382272e+02,-4.291930860651702915e+02
-9.896947336983931791e+02,-1.183182408979198044e+03,-2.585493482569736443e+02
-1.191276881281472697e+03,-9.141181045837256534e+02,-1.834684142105286631e+00
-1.105603597649919720e+03,-1.201498986262831750e+03,-4.484756971833760986e+02
-1.220264857459850191e+03,-1.225980209388863386e+03,-1.335347802363652931e+02
-1.002645722558919942e+03,-1.492153033707962550e+03,-2.691031673657075203e+02
-8.145393755216462068e+02,-1.254779576643644077e+03,-1.307270620654511504e+02
-1.456503510393892157e+03,-1.589370585321015369e+03,-2.604363896708409811e+02
-1.093126019989690576e+03,-2.636580688582324115e+02,-1.304226163429798362e+02
-1.138858728595447019e+03,-1.403831336209394976e+03,-2.515870434129803357e+02
-9.523640083328227774e+02,-1.217061900438121938e+03,-3.619531948125340364e+02
-1.418986005016757417e+03,-9.009932372682856112e+02,-2.075944769298944337e+00
-1.374814817728845583e+03,-1.217094816596102191e+03,-2.477947719609044839e+02
-1.134682959288925304e+03,-3.854914137256070035e+02,-4.014050845757665229e+02
-9.065611288980263680e+02,-1.228705192885250881e+03,-1.301544601750587162e+02
-7.426089714840009037e+02,-5.243958459784154229e+02,-1.310282394849145078e+02
-8.645386981949612846e+02,-9.165710051620264949e+02,-1.310505705807339893e+02
-1.230909447425724238e+03,-3.853905402621198277e+02,-1.295287370275808030e+02
-1.068198912113201686e+03,-1.020253102454247141e+03,-2.739634468175799142e+00
-9.192827461413277206e+02,-1.068937730256991017e+03,-3.550316004226261271e+02
-8.756244446711772298e+02,-9.973952006783774777e+02,-1.329073494971792684e+02
-1.063078196910138331e+03,-1.168398012195258843e+03,-1.326242875360839832e+02
-9.351947281388332840e+02,-1.110820756740926754e+03,-1.253554247581504484e+02
-8.923964828628633086e+02,-1.596750561781622537e+03,-1.330001616767275721e+02
-9.158432064204685048e+02,-1.493433382245506209e+03,-1.305721176794871781e+02
-8.909003446911284527e+02,-9.706896901421185930e+02,-1.296984325184972136e+02
-9.775010200324610423e+02,-9.249618125444102361e+02,-3.750144567719916040e+02
-9.503693918979987529e+02,-1.025402066247108451e+03,-2.550036345135010265e+02
-7.257308376753580887e+02,-5.160504339451484839e+02,-1.304297418883521402e+02
-1.012674140573263799e+03,-8.768868209504656761e+02,-1.291618667022009959e+02
-1.140377464581878712e+03,-6.549070776351641143e+02,-1.412043056073707392e+00
-1.070077569511521688e+03,-1.001557690258257026e+03,-3.081140631975520705e+02
-8.750634711866285897e+02,-1.102620973080785234e+03,-1.283349668794812999e+02
-1.028636432028174340e+03,-1.505731183913395398e+03,-1.262970048448759712e+02
-9.976066739308511160e+02,-4.930015030357670298e+02,-1.967401695491398428e+00
-9.754645884379403924e+02,-1.494912104767160145e+03,-2.776367444541307918e+02
-1.401943019049623445e+03,-8.916013419953463881e+02,-2.512761005534300409e+02
-1.101300972536534573e+03,-1.104723881319840075e+03,-4.452498357818862473e+02
-9.028431010456724835e+02,-2.658539220416028570e+02,-2.762910029264286322e+02
-1.105020854539028733e+03,-3.992976815018174648e+02,-3.763047063926985629e+02
-9.242238437622610263e+02,-2.710087868448477479e+02,-2.554947883039359624e+02
-1.303902899627496936e+03,-1.204156534636950482e+03,-1.324212614667192156e+02
-1.211044296669257392e+03,-9.069184864712547096e+02,-2.197492706646440919e+00
-1.098107977714035997e+03,-1.238534452773747262e+03,-1.316632104710607507e+02
-9.984105304463263337e+02,-1.292106735592493578e+03,-1.307892253153241882e+02
-1.277271273014431472e+03,-1.257920583392118942e+03,-1.313111529598863285e+02
-1.105829758822794247e+03,-9.542137806600209160e+02,-3.842578852968135834e+02
-8.911209351932038771e+02,-1.011503367294326949e+03,-2.654754461223072326e+02
-1.238978196133950405e+03,-1.301057982687774768e+02,-2.767559352664787866e+02
-1.021296800574160784e+03,-1.144172770071967989e+03,-3.646704640591258908e+02
-1.275869475705110744e+03,-9.156075637262646296e+02,-2.539502219149762254e+02
-9.788030367600970294e+02,-3.890325570534770350e+02,-1.298838683948776520e+02
-9.676437722161451802e+02,-1.338801215241767295e+03,-1.607741204713150962e+00
-1.208664867673277058e+03,-1.078777632881324053e+03,-1.315845273962412989e+02
-1.209728320746989766e+03,-1.051557595523707505e+03,-2.663450815568335202e+02
-1.109176451877681757e+03,-1.055254400830149507e+03,-1.287419518656420223e+02
-8.583823091326571557e+02,-1.084650761865610775e+03,-1.277859127653665183e+02
-9.858801808236474926e+02,-9.220253106914672117e+02,-2.592830553743788187e+02
-1.435938832725025122e+03,-9.505551275749750175e+02,-2.633393906609126702e+02
-9.789054391201894987e+02,-1.516012472763568667e+03,-1.296705427515267388e+02
-1.011499442930802843e+03,-1.528947321007329492e+03,-1.326420790947695707e+02
-9.783768695499545629e+02,-1.045858887103828010e+03,-1.280476606035402654e+02
-8.792209138692815031e+02,-1.049908882823368003e+03,-1.307122765838941802e+02
-1.059923804257761049e+03,-1.314970598593594559e+03,-3.766509117831369053e+02
-9.045772900055300170e+02,-9.460159467231374038e+02,-1.320849569975642623e+02
-1.388676790064421766e+03,-1.076680475705984691e+03,-2.169389295876454238e+00
-1.058709997406054981e+03,-1.067142856783044635e+03,-1.646723125711151869e+00
-9.108998916047088414e+02,-1.225710960502343141e+03,-2.833369409866883757e+02
-1.100813372557384128e+03,-1.497566652219538355e+03,-3.662034710520534304e+02
-9.854710293509575649e+02,-1.224424211288052447e+03,-2.671810234316411652e+02
-1.148941917772684747e+03,-1.138612731021006766e+03,-1.327680185177148360e+02
-8.954174153902398530e+02,-1.084111661510771000e+03,-1.298724805350581732e+02
-1.034296092007698689e+03,-1.043933882545488814e+03,-2.661355096512680802e+02
-1.049406589645382837e+03,-1.352975923664979746e+03,-2.683550345864279052e+02
-1.178084454735577992e+03,-1.108729477405773423e+03,-2.569360079824269292e+02
-9.391310583431003352e+02,-9.744283128717130467e+02,-3.245982202247936925e+02
-9.757421565232839384e+02,-1.015527073754247226e+03,-2.478850207459871910e+02
-9.115376143536727795e+02,-1.178370292851617251e+03,-2.740751883484955442e+02
-1.720557387227226400e+03,-1.100868078105109362e+03,-1.280552701726318219e+02
-1.001649969474297109e+03,-1.446922377759909523e+03,-1.491779335695539658e+03
-1.375740364589073351e+03,-1.105833882647345717e+03,-1.268273731964967510e+02
-8.901747676820934885e+02,-1.510126409048623827e+03,-2.475216663770255821e+02
-8.691876809186909441e+02,-1.176056064311849241e+03,-2.482055855056504754e+02
-1.241774926995946771e+03,-9.198319542538666127e+00,-1.280603602130173897e+02
-8.425660340897260312e+02,-3.843694739027537821e+02,-1.298492311100507379e+02
-1.369901711877012758e+03,-1.237322856512124645e+03,-1.329303106175424318e+02
-8.874883536699436490e+02,-2.571158416456567579e+02,-1.970881550962424678e+00
-9.532472716469479792e+02,-1.278811179350215980e+03,-1.487672111175572631e+00
-1.100254422093242511e+03,-1.153538412783888816e+03,-2.553349076632817116e+02
-1.124377911997948104e+03,-2.893726762346058745e+00,-1.276419176939076010e+02
-7.675039794772502546e+02,-1.212811305533242376e+03,-2.664944214982090784e+02
-1.213795660911615414e+03,-1.004273270612212514e+03,-7.638310685388956927e+02
-1.336426186733290933e+03,-1.189987071498298292e+03,-1.291744269629255655e+02
-8.802124745038970559e+02,-1.056186705763325335e+03,-2.696800526207282473e+02
-9.056755947594857616e+02,-5.196928090671679001e+02,-2.645288262746448709e+02
-1.022209611136318699e+03,-1.229930317628821513e+03,-1.359188164374685073e+02
-1.451807131719675908e+03,-3.874237819450773372e+02,-1.295377080852865674e+02
-1.218136935203486701e+03,-9.235608573638130565e+02,-3.989741800681076143e+02
-7.979116361027931816e+02,-1.155722461847525665e+03,-1.279943444218772299e+02
-1.279253835708416318e+03,-1.504223236498919505e+03,-4.272718499963775116e+02
-1.124013823833592596e+03,-1.201067101165577469e+03,-2.805353213347007113e+02
-9.546415621668789981e+02,-1.318777756836115032e+03,-3.897255923095914909e+02
-1.088046678632463681e+03,-7.789091082834958115e+02,-1.513993772802741056e+00
-8.742730119214708111e+02,-1.186573710150599481e+03,-1.648519461629348593e+00
-1.033286437787998921e+03,-5.171755229631926341e+02,-2.692197878349954863e+02
-1.107059174560816473e+03,-1.497971147590799319e+03,-1.332237079385546110e+02
-1.104280420525262798e+03,-1.610947221946275022e+03,-1.309366575343131558e+02
-9.709647604325524526e+02,-1.531252249033188264e+03,-1.296644633867565517e+02
-1.006754604314891367e+03,-9.025200992597146978e+02,-2.510043726115908669e+02
-7.689472965708897618e+02,-1.521547569206502203e+03,-1.273651597304727119e+02
-1.019708484385085399e+03,-1.504634524468851168e+03,-3.145437213362226316e+02
-6.154312263454818321e+02,-1.081399958548370932e+03,-2.845721931633396480e+02
-1.268643339859230991e+03,-1.353776586332364104e+03,-2.675789592244229880e+02
-9.343475158319708953e+02,-1.384537033593915567e+03,-1.412840675063859806e+02
-8.863167657407436764e+02,-9.190475089150282884e+02,-3.890256117520660268e+02
-1.227155071963214141e+03,-1.373637421719048689e+03,-2.033466361597805694e+00
-1.450900951525818755e+03,-6.423898894211603192e+02,-1.715397548936257621e+00
-9.098851724831687307e+02,-1.334448324683724536e+02,-1.315890753378910745e+02
-8.542507758176420793e+02,-6.520454668293785971e+02,-1.251770605275193304e+02
-1.083024282000941639e+03,-1.226601762203046746e+03,-1.289729026173855289e+02
-9.124766381346890967e+02,-1.206289698749267473e+03,-1.302186752080274914e+02
-9.976837952002359771e+02,-8.999730341933054660e+02,-1.276447819287224519e+02
-1.416679640264407226e+03,-4.989809123304399918e+02,-1.291870883963250947e+02
-1.089989244444626593e+03,-7.500129879508668864e+02,-3.843381107780895718e+02
-1.200817509938789726e+03,-3.949091126808067429e+02,-1.286086756121053440e+02
-6.415434495681787439e+02,-1.078335948054784694e+03,-1.298308087659132468e+02
-1.263414154901563279e+03,-9.282622186129257216e+02,-1.299125750251818374e+02
-7.656247428027679689e+02,-1.404983714867322078e+03,-2.544374018913127884e+02
-1.294695640470226181e+03,-1.368177344096917750e+03,-4.494000722722183241e+02
-8.789660688486985691e+02,-9.214196731586520173e+02,-3.629800713971456503e+02
-1.361395443756588747e+03,-1.360140746710098369e+02,-1.246986045702949895e+02
-1.082743099165311151e+03,-1.189508567382662932e+03,-1.330595261006922101e+02
-1.120990748129766189e+03,-1.080726200175477970e+03,-1.263036541805851272e+02
-1.018115702433316756e+03,-1.564101714945542653e+03,-3.084737112950156188e+02
-1.235616571761910336e+03,-1.195602556688682853e+03,-1.295200368631665810e+02
-9.666159097657279062e+02,-1.108730275084431696e+03,-2.858866536766172430e+02
-7.685782188605800229e+02,-8.168592196198758302e+02,-2.529418630514273048e+02
-1.450931406154706337e+03,-9.736303364571045904e+02,-3.702277144702921987e+02
-9.325839915701582186e+02,-9.411439544809780955e+02,-2.474893183164293475e+02
-8.614971182652560628e+02,-1.459280883539760680e+03,-2.971846640550178904e+02
-9.881383308132034244e+02,-1.239424805603579216e+03,-1.303039140080501852e+02
-1.261601049219350898e+03,-1.067261902574718988e+03,-2.607562647482686771e+02
-9.024219558771027323e+02,-6.463139578436300781e+02,-2.684649359485853211e+02
-1.013904582346799998e+03,-3.980514349345835967e+02,-1.285329565759886066e+02
-1.213084003544868438e+03,-3.149837580348480603e+00,-1.336878544438784218e+02
-1.126091522574119153e+03,-5.320891241000422269e+02,-1.326591799380245789e+02
-8.857826769081245857e+02,-1.192635297735543418e+03,-2.637743029155481054e+02
-1.128144112812434969e+03,-5.263337552284328922e+02,-2.793942850033162131e+02
-9.119926432484285215e+02,-1.196710285973107830e+03,-1.273333163093771105e+02
-1.095727197356674878e+03,-6.693126684228197973e+02,-1.335562828478275605e+02
-9.381448059799917019e+02,-2.608968892539395483e+02,-1.270540348072832302e+02
-6.346763646516773179e+02,-1.457330062477637966e+03,-1.247993276808808787e+02
-9.750799449006826762e+02,-1.349078018496133382e+03,-1.723070668206840850e+00
-9.128552130105132392e+02,-2.347822049370357718e+02,-1.314580588398557097e+02
-9.561407505627460068e+02,-1.292657492272090849e+02,-2.632881247059186194e+02
-9.582444834715278148e+02,-1.107923647980765963e+03,-1.315089392957612517e+02
-1.450941269166056827e+03,-1.424011390426923526e+03,-2.766218185353222907e+02
-7.720449809698202444e+02,-6.497452651531523315e+02,-1.330535479621073023e+02
-9.900066455016097962e+02,-9.979754531078505124e+02,-2.527488783190229071e+02
-8.958953891190109289e+02,-1.164036478362979551e+03,-1.273496099289891959e+02
-7.761612859638865984e+02,-3.901524366256101075e+02,-1.297024221769528651e+02
-1.007358986264523537e+03,-1.581176784259748047e+03,-3.919494998790837599e+02
-1.199963775584361429e+03,-9.259020789786001160e+02,-2.746289762746061456e+02
-9.054349891061739299e+02,-7.213887631905275839e+02,-2.674372105176077525e+02
-9.025662143151811279e+02,-1.043111461430969484e+03,-1.310240735671254413e+02
-7.632742509051482784e+02,-1.242260090360948197e+03,-1.282068304373026990e+02
-8.472571065107557615e+02,-1.107926116231563128e+03,-1.256722314933085300e+02
-1.184091794588255880e+03,-1.321862161120247663e+02,-1.339486754013655343e+02
-9.623309817049937465e+02,-9.234582155693832419e+02,-1.317829168396146997e+02
-1.183443904298253756e+03,-1.340566850607942570e+03,-1.312541505486765629e+02
-8.599802845845877073e+02,-1.021612472746412891e+03,-1.275666542405802062e+02
-1.041116023479572277e+03,-1.500367000186475479e+03,-3.825614748275789907e+02
-1.613047200921274680e+03,-1.061377765059019112e+03,-1.531256398599753821e+00
-1.031929907320569555e+03,-7.759497644833384129e+02,-2.520169812596112138e+02
-1.131891503760731894e+03,-1.206624035320960502e+03,-1.253503096307466507e+02
-1.005447115504868975e+03,-1.042788866125476488e+03,-1.306037380373343808e+02
-1.018907255384881182e+03,-1.430877958364939559e+03,-3.139681225397289381e+02
-1.402842443604060691e+03,-1.414078094613621488e+02,-1.335302057873832950e+02
-1.060836704742710481e+03,-9.884277918870003177e+00,-1.289171600885418911e+02
-1.006697334345744366e+03,-1.491513446742121232e+03,-2.593604034720859772e+02
-1.230534496220623851e+03,-8.759565410280538345e+02,-2.692014835394180636e+02
-8.597903726447789268e+02,-1.183502712260709131e+03,-2.728377381089376286e+02
-7.780611310397208626e+02,-1.177140999665744857e+03,-1.308306977690282054e+02
-1.114335130754874399e+03,-1.325058032460672393e+03,-1.268433194044874028e+02
-1.111967316207663998e+03,-5.308744951120349924e+02,-1.322600410972189309e+02
-1.042352142326602234e+03,-8.980296264541576647e+02,-2.073987083885386884e+00
-1.254499417905522250e+03,-1.070615773569475323e+03,-1.329637772736859063e+02
-8.618075690996820413e+02,-1.295628563759980125e+03,-1.297130499737626792e+02
-1.231545253587538809e+03,-1.556715514175439239e+03,-1.314214510852943931e+02
-1.171283241490664295e+03,-1.075929419929627329e+03,-2.654371719934534326e+02
-8.928306656163198340e+02,-5.891947588242496749e+02,-3.489337727828753373e+02
-1.102114273807485006e+03,-9.470415464663924467e+02,-3.847891277950901667e+02
-1.200019854079793731e+03,-1.223917714774411479e+03,-1.297935197370665321e+02
-9.893001047521158853e+02,-1.124547165427670734e+03,-1.469369058504472303e+00
-6.391017921430052411e+02,-3.875025026144804485e+00,-2.638878361354078379e+02
-1.340619453390022500e+03,-1.073641695801271680e+03,-3.027806861413318984e+02
-1.002436479590689032e+03,-8.838096927917306402e+02,-1.481012324971261451e+00
-1.373048399478298279e+03,-1.226080586888469952e+03,-1.331922619284662233e+02
-9.693814500134000127e+02,-1.494421802988702439e+03,-1.384660161446217330e+02
-1.186205260684089808e+03,-1.209471277102026761e+03,-1.299323711969839223e+02
-8.619570437747490814e+02,-9.817085912766768843e+02,-1.316138033802411087e+02
-7.946161535456877800e+02,-7.388630362029268781e+02,-3.755318059717904475e+02
-8.681093798524304930e+02,-7.764063911051619016e+02,-2.909591611146474861e+02
-1.076877602882326755e+03,-1.314299838541858890e+03,-2.731713496381915434e+02
-9.961204820705652310e+02,-5.231026911165740785e+02,-3.737380274650532215e+02
-1.406327286355678552e+03,-1.211474897147802039e+03,-2.464482995231459199e+02
-9.819871777075691170e+02,-1.573726406283790084e+03,-1.312255842394642968e+02
-9.153996453687142321e+02,-1.382201728415307343e+03,-1.266760893594595672e+02
-1.218939885609441944e+03,-9.565337488440038669e+02,-1.315487462510602370e+02
-7.801889722815632240e+02,-7.735570811603829497e+02,-2.585524240633087061e+02
-1.232940058868640790e+03,-2.662902962385134629e+02,-1.274379163607959953e+02
-1.109076903388057644e+03,-1.044714998086544483e+03,-1.284865136116065969e+02
-1.386708438272128433e+03,-1.018569423204237751e+03,-1.311006383974468008e+02
-9.725706403410721350e+02,-1.433223462026574680e+03,-1.289093990982959212e+02
-1.075645422569818038e+03,-1.077382054282033778e+03,-1.295003050739916830e+02
-9.775846086575124900e+02,-1.495213527607810875e+03,-2.608620396207930412e+02
-1.089519786636433992e+03,-6.556500029764507644e+02,-1.619042157464920084e+00
-9.531131514429613389e+02,-9.873952142447801634e+02,-2.596676045074313599e+00
-8.867338104203485045e+02,-7.821856597107295102e+02,-1.807247343752315993e+00
-1.243157530734884631e+03,-1.220623136452472181e+03,-1.317245821235329970e+02
-1.192576014700760652e+03,-8.538966442487601398e+02,-1.263956214581579474e+02
-9.100579532802360063e+02,-1.079093614434176743e+03,-3.705163872875322681e+02
-9.390142887923668695e+02,-1.081432253236042243e+03,-3.890553649306820034e+02
-9.791977646183606794e+02,-9.865812496247264107e+02,-2.631530994036551760e+02
-7.941498388552422512e+02,-1.119667460205940415e+03,-3.799935560804097463e+02
-9.630105676786164395e+02,-1.320392938769243983e+03,-1.292834564588123669e+02
-1.420892811731472648e+03,-1.290068219451982031e+03,-2.653109822197764629e+02
-9.621082668552965060e+02,-1.217732617898572244e+03,-1.311895456338427266e+02
-7.447668662373995403e+02,-1.054414713182735795e+03,-4.563972613693935614e+02
-8.671334551007170148e+02,-1.367968213277902692e+02,-4.504409472345158179e+02
-1.226621312293900928e+03,-5.198297473231820049e+02,-2.571356167732474773e+02
-1.276412582196049698e+03,-1.141715634139944541e+03,-2.890276500321705271e+02
-1.000860813973603172e+03,-1.344408656265360662e+02,-1.309110263669726635e+02
-9.715979463751032199e+02,-1.516393822398923021e+03,-1.945434398659114050e+00
-5.078849590567208452e+02,-1.409235024541983194e+03,-2.927817164358950777e+02
-1.166232141785895692e+03,-9.263836151311315916e+02,-2.621436475268787376e+02
-1.206979369894252386e+03,-1.274700053524497889e+03,-2.611728289023765797e+02
-9.891336033865541140e+02,-9.668013071108765644e+02,-1.287177894226725527e+02
-1.050219815774022209e+03,-9.229133890380618368e+02,-1.296726732604253982e+02
-1.198250730040641201e+03,-7.808472645146881632e+02,-1.288824972003613993e+02
-1.087269324590196220e+03,-1.458741930587623301e+03,-3.771738810441400460e+02
-1.507221664726921063e+03,-6.780095881497196615e+02,-2.703897210572677068e+02
-9.233665145294836520e+02,-7.777038976325325166e+02,-1.391785984331041561e+02
-1.397672385477020043e+03,-8.916356424094414024e+02,-3.019551251475280651e+02
-1.092629714988848946e+03,-7.321094770033997747e+02,-2.703639473001473448e+02
-9.134677965928652839e+02,-1.205914532510811796e+03,-1.291978529270705849e+02
-9.015841523513915945e+02,-9.211172730206969845e+02,-1.309440005083462211e+02
-1.155621320066320322e+03,-9.894406429049062126e+02,-1.288068735288869675e+02
-1.066996850706978194e+03,-1.311739894888298750e+03,-2.563979400014052885e+02
-1.031676864271604927e+03,-9.501549315840979943e+02,-2.698406385582834446e+02
-7.711930690374954338e+02,-1.266239501980097884e+03,-1.301830537503524567e+02
-1.190130416537384235e+03,-5.258636759819719373e+02,-2.592316291769085979e+02
-9.807308986473982486e+02,-1.235189378345785144e+03,-2.656183625862403233e+02
-9.786444973782489569e+02,-1.116205359682373000e+03,-1.298652195720642908e+02
-9.008104740093879172e+02,-1.259663058610838561e+03,-1.273143463258861772e+02
-1.153734196055443135e+03,-5.137558762698023429e+02,-2.554794585229415986e+02
-1.084119246264047661e+03,-1.336751687844940534e+03,-1.267316319434263931e+02
-1.532062892040626366e+03,-7.649361644245653906e+02,-1.746696515392530236e+00
-1.359883622252887790e+03,-1.208581619976299635e+03,-1.612373446472282312e+00
-1.115069478470428976e+03,-8.992914996562479928e+02,-2.609206639093539337e+00
-8.878414543683829834e+02,-2.045434851579744695e+00,-1.343665075742600266e+02
-9.522428339374322377e+02,-7.742302211517998103e+02,-1.323947751660755898e+02
-8.888347061265087632e+02,-1.150051611747350762e+03,-3.838082225264809608e+02
-7.679191755432018454e+02,-1.078693290964948574e+03,-1.844274749124578561e+00
-9.485209374549654058e+02,-1.237486134480550390e+03,-1.340086550904848366e+02
-1.018180856776141354e+03,-1.491453716852257912e+03,-1.306523338752777192e+02
-8.779247989674628343e+02,-1.257589085926405005e+03,-2.995253060327065100e+02
-9.167723892963909975e+02,-1.618118046875677692e+03,-3.094363754890148925e+02
-7.532521097287136627e+02,-1.317093763306539813e+03,-1.259657950859378843e+02
-1.073605179494908270e+03,-1.492986373414101081e+03,-1.314539796389439061e+02
-1.013241370182815899e+03,-3.942464514604702686e+02,-2.601076720423679944e+02
-9.959845978261280379e+02,-7.829889168640008847e+02,-3.720430222449085704e+02
-1.032544771740715987e+03,-1.308554295978613482e+03,-3.930782849043580995e+02
-1.340499878386324554e+03,-5.196671173680266520e+02,-3.546803096124729677e+02
-1.031068403737677272e+03,-3.830593703166887281e+02,-1.303001857363337308e+02
-8.619129201413454666e+02,-1.421764972702095520e+03,-4.082671017072238442e+02
-1.380058244465406005e+03,-1.200790363724896906e+03,-3.271728342204219189e+02
-8.457332630108940066e+02,-6.085614826595299292e+02,-1.272459824806413877e+02
-9.651503858559125320e+02,-2.636874213730802694e+02,-3.929203026591715116e+02
-9.077153719599948545e+02,-6.461669677068850888e+02,-2.620706392591286544e+02
-8.898388482660989212e+02,-9.613054104084287701e+02,-1.314511406084920395e+02
-1.116245981677813916e+03,-1.173718533436278221e+03,-2.678546757627174202e+02
