-1.578852681559406392e+03
-1.526377532733564976e+03
-9.924369799747175875e+02
-1.179749813816368714e+03
-1.076216847140809932e+03
-1.057894878010013144e+03
-1.272098622482102655e+03
-1.672580233073451609e+03
-1.612173962427941206e+03
-1.509515606439359544e+03
-1.517145708398959869e+03
-1.732283142449715115e+03
-1.667880194604297230e+03
-1.316293234289118118e+03
-1.451520138612302162e+03
-9.314675267136725552e+02
-1.366693372974425074e+03
-1.355680830057194726e+03
-1.174682007544528233e+03
-1.134846426282078710e+03
-1.186322614102811031e+03
-1.164733547554028746e+03
-1.296114146002891630e+03
-1.065979495072935379e+03
-1.205212139841016551e+03
-1.148415414271805503e+03
-1.130192815955879496e+03
-1.347109802946557693e+03
-1.454377034242664422e+03
-1.171813149871507221e+03
-1.183160272693489105e+03
-1.111183017522396767e+03
-1.408661961782167509e+03
-1.308392052523297252e+03
-1.168798230283378871e+03
-1.412443077948911878e+03
-1.364398007934556745e+03
-1.430334799652196125e+03
-1.367976819038332223e+03
-8.883073665185384016e+02
-1.122179962027197689e+03
-1.020879936847279055e+03
-1.201631213405290964e+03
-1.163288412181365629e+03
-8.890822916309615493e+02
-8.769040894282643421e+02
-7.658467603093773732e+02
-8.860978809788634862e+02
-6.365512871277275053e+02
-8.912313032703352746e+02
-8.391984890122682827e+02
-8.323024064819838941e+02
-9.609553889058568075e+02
-7.490092445855934784e+02
-7.016720548116644522e+02
-7.563691504168839401e+02
-9.314280775935690144e+02
-8.711956859520827265e+02
-8.705757709407820357e+02
-6.509090969937562932e+02
-1.011844331667433494e+03
-8.640934204489523154e+02
-8.628531454858458574e+02
-7.481185317040965401e+02
-8.126021952706613547e+02
-8.849894599911212936e+02
-8.451514638124767771e+02
-9.596316142793663175e+02
-8.604307060814506940e+02
-8.630764614613450476e+02
-7.471830384765019062e+02
-8.649701456883194624e+02
-8.676244990300714335e+02
-7.451994509604159020e+02
-8.508839478749280261e+02
-7.447623899595628245e+02
-9.236499714298500976e+02
-9.212993602092337824e+02
-8.644201376066033617e+02
-9.318028709959305615e+02
-9.372979993394209259e+02
-8.520589921997972169e+02
-7.509624271899666610e+02
-9.208516191926065630e+02
-7.463197211040428556e+02
-5.970309808216845795e+02
-7.487286866683327844e+02
-6.342139701871113857e+02
-7.685552259785624756e+02
-8.750261967346606298e+02
-4.945662488671818551e+02
-6.319700945473786078e+02
-6.350740768160031848e+02
-2.705888407825196396e+02
-2.600914178543620778e+02
-2.428337029126482776e+02
-4.794573901112972294e+02
-2.494035919467429494e+02
-2.526409005991406502e+02
-2.556365207721480601e+02
-4.984650785428027007e+02
-1.312834290396726828e+02
-6.400141186751882287e+02
-3.817036384934857551e+02
-4.740582891097833453e+02
-7.378340473278768741e+02
-9.020894142345780438e+02
-3.960657055504420896e+02
-3.727105734486891606e+02
-5.436868712609235672e+02
-5.042121640397848523e+02
-5.140290161570819691e+02
-4.940139167953197443e+02
-6.319780477668956564e+02
-4.757485632944276404e+02
-1.137374160543552762e+03
-3.740710307919165984e+02
-8.767165048892310324e+02
-7.828909217630238118e+02
-9.794060436709833084e+02
-1.082182701123081188e+03
-8.915032579660029342e+02
-6.502576277698163949e+02
-5.126257090339439628e+02
-1.040696813573090594e+03
-1.171473426149418174e+03
-3.823178476700823580e+02
-2.546233990363755879e+02
-6.341435665403575968e+02
-4.817804851328668860e+02
-2.411852931776512037e+02
-7.686478371941212799e+02
-3.817154862902931995e+02
-9.092828583359215600e+02
-6.905955350222151310e+02
-8.144989204138481682e+02
-5.125691224296738255e+02
-5.079458907588555689e+02
-6.172088251609178542e+02
-6.175730897206142345e+02
-4.976094917512178881e+02
-9.179438004206908772e+02
-5.077767092961123581e+02
-3.820735511224913807e+02
-5.034723306804228287e+02
-3.746718244834355005e+02
-7.462926533788998995e+02
-5.050337240092769662e+02
-9.467440117302037379e+02
-3.825328415079097226e+02
-4.971521926145161387e+02
-3.797698962279202419e+02
-6.124152708668950709e+02
-3.852132121653252739e+02
-3.659932825654149156e+02
-1.383192473432714849e+02
-1.279192801420497290e+02
-6.408166782021812651e+02
-3.665821399849937166e+02
-1.174644822830077601e+03
-6.283551192764128324e+00
-2.346748510904531884e+02
-9.051197612546884841e+01
-6.589345771209531222e+02
-4.915752283270587668e+02
-1.076177881896210920e+03
-3.576513560050487399e+02
-2.456456877746600185e+02
-2.510239991280050447e+02
-4.842876651609445275e+02
-1.479919583858505234e+02
-2.364376253568593143e+02
-3.670071555235301730e+02
-6.278284721711094107e+02
-1.293435858126909466e+02
-5.742724129787993661e+02
-1.215423715038327686e+02
-1.919068402950959262e+00
-1.270581925709332154e+02
-6.344921778327528727e+02
-1.285590507121166581e+02
-2.409437005451491700e+02
-2.567410840934503540e+02
-5.984609801765628845e+02
-5.039988457254980290e+02
-3.723157487885334263e+02
-1.230484812721416432e+02
-2.418419072672106154e+02
-4.981079213415014237e+02
-1.199744525226547154e+02
-2.525874345900529079e+02
-7.997825355669382361e+02
-2.406646228049800982e+02
-1.293484796859574715e+02
-2.425267068852048453e+02
-1.226910821089816181e+02
-6.304516253551224736e+02
-2.510804825864037468e+02
-2.396653592111321700e+02
-2.569902767101810355e+02
-2.369339578767378782e+02
-2.343269277946801310e+02
-1.208917387247286115e+02
-8.617050098629985087e+02
-7.427006079660220621e+02
-1.291576923214641397e+02
-1.016601821558769075e+03
-6.233514479997062381e+02
-7.110742610291457595e+02
-2.544616100152775573e+02
-2.316879318648088493e+00
-2.537972598056848028e+02
-3.808835792780986935e+02
-2.504269381793077969e+02
-2.520423141466771710e+02
-4.886551249019732950e+02
-1.481696374452316833e+00
-4.848809549108783585e+02
-4.986007168715730131e+02
-6.371728249885412652e+02
-1.468626523267255291e+00
-2.474928428898376183e+02
-3.704896080995717966e+02
-4.970158829404126095e+02
-1.194106188518052676e+02
-1.227603037512757140e+02
-2.501611976143238110e+02
-1.254041756847322233e+02
-2.409788527235521940e+02
-8.952279856103640441e+02
-8.844797194516199852e+02
-1.243610511741609486e+02
-1.111788070798947370e+00
-1.291566267088970790e+02
-1.262773393720947013e+02
-3.463422628944444455e+02
-1.069370235820058745e+00
-1.289611990937119117e+02
-1.209794564339685849e+03
-1.299233310979871590e+02
-2.560090661415572981e+02
-2.447486379585851353e+02
-1.170759463214626663e+02
-2.516796744683106102e+00
-3.593072263515079499e+02
-1.036453118179340382e+00
-3.875707591263741278e+02
-3.776840702340982148e+02
-1.298927573243070981e+02
-1.280749843796282050e+02
-1.228918832606675693e+02
-3.734240754234264159e+02
-2.325891734312533572e+02
-2.473705173148191818e+02
-3.306407411002625363e+00
-1.272210667964543944e+02
-3.734583802019061523e+02
-1.280357929245653565e+02
-1.215379357180038369e+02
-3.596689784020874185e+02
-3.278538657689070934e+00
-4.400848745341220365e+02
-1.244557740112340838e+02
-2.532547155903470752e+02
-4.587904433206845169e+02
-2.473596796754363822e+02
-4.774209387568023431e+02
-1.241429119371812391e+02
-2.461186711663418976e+02
-1.234023892503035000e+02
-5.751368034818233355e+02
-2.287846248119162453e+02
-1.228477489191600114e+02
-3.563905085773420751e+02
-2.506677963104337437e+02
-1.267655731727098356e+02
-2.369885075008326965e+02
-2.554654716233817453e+02
-3.483149769478796429e+02
-1.236230959162387819e+02
-2.413767014811367915e+02
-3.242557823023636843e+02
-3.541852350139801047e+02
-3.670537308761186068e+02
-3.838370377192140381e+02
-1.273575756184504257e+02
-2.434225423992084245e+02
-2.510149216076615062e+02
-3.420406094101502958e+02
-2.309540913975215517e+02
-4.857706761286876826e+02
-2.496666481683776624e+02
-1.242593447060185952e+02
-4.144493400184667848e+02
-4.549753971933204753e+02
-4.878150167174982812e+02
-2.367426373078204165e+02
-3.800115431571283011e+02
-2.487603334575881888e+02
-2.481637191500806239e+02
-2.378870449881712545e+02
-2.904641093212698699e+00
-4.828926975666909698e+02
-1.277581725019581569e+02
-3.689851014109877383e+02
-3.802043148851004730e+02
-6.902350729488272236e+02
-1.273176462879086728e+02
-5.967554518879837815e+02
-1.278123939030401317e+02
-1.224240923469144064e+02
-2.431623816524949575e+02
-1.240289081383528753e+02
-1.283684526931816663e+02
-2.423548021903125687e+02
-3.603475388350064978e+00
-1.275344016175347264e+02
-1.265879723995762163e+02
-4.696246638026622691e+02
-4.283965761139644428e+02
-2.321610175570278489e+00
-2.554046032398659349e+02
-5.352357911131559831e+02
-2.471061771062392438e+02
-1.225751961776475980e+02
-5.851491181289231918e+02
-1.209695564598303719e+02
-4.946462740130877478e+02
-3.571705181437214947e+02
-4.236696734534112352e+02
-1.234933014832179055e+02
-3.733806778675680107e+02
-4.952337499028176104e+00
-2.351269499735025761e+02
-4.608050692827295052e+02
-2.401786417984198181e+02
-1.224374023140891268e+02
-1.542759661743801871e+02
-2.476734521371879794e+02
-5.095950209543232177e+02
-1.284998563836192034e+02
-1.219598747299069572e+02
-4.775160161064190447e+02
-1.264544927133475909e+02
-1.306100055663954720e+02
-2.538881861738198893e+02
-4.791433017602003019e+02
-2.475696951633787535e+02
-2.528251763376136694e+02
-3.738699182782035564e+02
-3.756415378914511507e+02
-4.776167841010562256e+02
-3.808772987862511741e+02
-1.296727774573991496e+02
-2.675944646720080868e+02
-1.256283805177344135e+02
-2.539645407282495455e+02
-4.883574667198839734e+02
-5.202984639576641257e+02
-3.780352793764743637e+02
-1.298867716258344842e+02
-2.508602125052800318e+02
-3.680529555253866079e+02
-2.518110353125572658e+02
-2.461282546979941515e+02
-4.920793202724519801e+02
-1.333298885051802358e+02
-2.525932894442313170e+02
-1.294308807236978396e+02
-2.486001281377428711e+02
-1.238697146069612245e+02
-2.476900939256358072e+02
-3.265434364493042949e+02
-1.307649800886867126e+02
-1.242662755720182304e+02
-3.620681489636774018e+02
-1.236430314893064946e+02
-3.425973483120715741e+02
-1.192873096924740537e+02
-2.549987382232154403e+02
-2.402830682428023579e+02
-3.080374308099420659e+02
-1.186675111613358695e+03
-3.676296194123231089e+02
-8.413998005623587915e+02
-1.295715325862879581e+02
-4.730634697882209139e+02
-3.656353044591084540e+02
-5.347297083326601523e+02
-2.522655073642482932e+02
-2.488426370701614587e+02
-2.426082013845044116e+02
-2.538533711540535478e+02
-2.557993692847415161e+02
-1.236021880666148292e+02
-2.477222167053471082e+02
-2.462820940550346620e+02
-6.431363160495693592e+02
-1.865130449170607335e+03
-3.616557233416965005e+02
-3.713105976732442173e+02
-6.392044930725838867e+02
-2.326796038625772951e+02
-2.507751071191310359e+02
-1.301565844927301896e+02
-4.978232608814317359e+02
-3.572205100867226975e+02
-4.278398780574019611e+02
-4.924583946601390494e+02
-4.838105691853023700e+02
-1.285390617677563796e+02
-5.083838440539782368e+02
-4.786223823245877611e+02
-2.526902450174047488e+02
-2.366882092887745728e+02
-6.120037592689975554e+02
-1.285712571908065911e+02
-2.374561931161583459e+02
-2.300800890244930770e+02
-3.669818680396849686e+02
-1.265859423097530936e+02
-3.557752193609593405e+02
-6.305651295792002564e+00
-6.439196779766690497e+02
-6.282468791070695033e+02
-1.260489860650890250e+02
-4.859156908384269968e+02
-1.268144618466301523e+02
-2.348828167764511932e+02
-5.031752069862794770e+02
-3.632148143928908439e+02
-4.732051331275071675e+02
-2.507045000729395383e+02
-1.269928675108135110e+02
-2.408009377930665948e+02
-3.577107044534808438e+02
-4.580590897943443451e+02
-4.351286221943475994e+02
-1.692195374817146458e+01
-3.760956553633954513e+02
-4.793913241840438104e+02
-3.742558300099674398e+02
-1.324298850614280525e+02
-1.306948869054649265e+02
-2.519755620570869894e+02
-4.109696220380263298e+02
-1.261380894609128802e+02
-2.422303472928025769e+02
-1.272811574365279199e+02
-2.488886355796164764e+02
-5.329356783844517054e+00
-1.222206096986044344e+01
-5.224855874364027208e+00
-3.402887346453287591e+02
-1.311675066715701519e+02
-1.284768116568326661e+02
-2.412403516327005661e+02
-2.340455051292056226e+02
-1.248038028585117303e+02
-1.235964956261204861e+02
-1.226668415666244982e+02
-1.238091839753666932e+02
-1.271914659235833938e+02
-1.250258113123062031e+02
-1.221656781737813304e+02
-3.560364714438472902e+02
-2.442892337640422795e+02
-3.730439552153986824e+02
-2.566119455527308446e+02
-1.244866299642829404e+02
-1.273731366335209856e+02
-2.519516979213216814e+02
-2.033798267087034262e+00
-1.272417279152077612e+02
-5.428320635415041124e+02
-1.273887489671453039e+02
-2.420847157993844405e+02
-2.396705745644189562e+02
-1.307481818860356668e+02
-5.278875852028338613e+02
-2.386177492722108582e+02
-2.499460090940278576e+02
-1.263236827397070101e+02
-1.205902171343019518e+02
-3.469220468277670193e+02
-2.308912489415341884e+00
-2.343783329316775621e+02
-5.366236370260462536e+02
-2.397153471532103595e+02
-2.434345818093751177e+02
-1.233643590314701441e+02
-1.634356697850555928e+00
-3.448184521569911567e+02
-1.241031110739234862e+02
-3.744825317960880966e+02
-7.895435753003272339e+02
-1.277985044753679631e+02
-1.237320457965990244e+02
-2.447527127030867007e+02
-1.249493728391479408e+02
