-8.896410656987177390e+02,-1.172218625417209068e+03,-1.394561636372166276e+03
-1.277430048057424301e+03,-1.171633278141267965e+03,-1.585138006544503696e+03
-1.704610284047161713e+03,-1.689550711978292384e+03,-1.189788455003969148e+03
-1.409440109461995007e+03,-1.378635811805517505e+03,-1.035972501549499839e+03
-1.438013460754159951e+03,-9.861121005223799330e+02,-1.407293868367618870e+03
-1.449143063281742116e+03,-1.097493673334568939e+03,-1.697075264916220021e+03
-1.469607034949087165e+03,-1.521025840316674476e+03,-1.347481277690567822e+03
-1.772177887168918232e+03,-1.408236950892447794e+03,-1.667468086492665407e+03
-1.789185964664739004e+03,-1.170126996802034455e+03,-1.543620074028739054e+03
-1.848367110176514643e+03,-1.224839895007083214e+03,-1.578080419232267786e+03
-1.408133465755973248e+03,-1.208513656320120845e+03,-1.574037075106760312e+03
-1.034654939415510398e+03,-1.274118684053844390e+03,-1.540841948423823396e+03
-1.528000216611387486e+03,-1.618787840673086293e+03,-1.548833604446381514e+03
-1.289683534656493975e+03,-1.388442704066096894e+03,-1.311897286382640004e+03
-8.825577383754288121e+02,-1.394181013455487118e+03,-1.523212596153641016e+03
-1.112550379025859002e+03,-1.375759538211259951e+03,-1.461654933767218836e+03
-1.071367980883413111e+03,-1.168474270207088921e+03,-1.542802359217956337e+03
-1.033943479643686260e+03,-1.186055171544666791e+03,-1.521579565923960899e+03
-1.310463850434433652e+03,-1.326320314832730446e+03,-1.178832403554799839e+03
-1.514686647620711256e+03,-1.055496899034625812e+03,-1.020772241743230666e+03
-1.185880406964124177e+03,-1.054972590288332640e+03,-1.001238473974559270e+03
-1.007674209811484047e+03,-1.047651108708034144e+03,-1.083692091441690991e+03
-1.116774670569357795e+03,-1.345395304026958684e+03,-1.358615504679093419e+03
-1.025815452552845045e+03,-1.180987720762741219e+03,-1.122806732903780812e+03
-1.291271694414029071e+03,-1.403866184451057279e+03,-8.728457644768841419e+02
-1.365935655171465442e+03,-7.305603526652598703e+02,-1.073052020026931132e+03
-1.232183180503760923e+03,-1.000412115884781770e+03,-7.874369987054470812e+02
-1.118556488061460186e+03,-9.815918587068923671e+02,-1.046970688778847034e+03
-1.035734219333780629e+03,-1.529501586031153920e+03,-8.901409943356230769e+02
-1.024858614046543607e+03,-1.290622626520996164e+03,-9.136843102659789793e+02
-1.170747119534154763e+03,-1.232993143832349688e+03,-9.875317251292799483e+02
-1.033671657893108659e+03,-9.129900100942506924e+02,-1.133545935920734792e+03
-1.038391123109580349e+03,-1.544354382039534357e+03,-1.277202517732861907e+03
-1.062573541463228821e+03,-1.448581543754682571e+03,-1.221034562264342185e+03
-1.207198428962845583e+03,-1.185101323214725426e+03,-1.369519450863067732e+03
-1.253168067763677527e+03,-1.332855112493959041e+03,-1.399328815418709382e+03
-1.014863861012132247e+03,-1.166336558602013383e+03,-1.629086458318117138e+03
-1.053335401829011516e+03,-1.536997381300101097e+03,-1.083582769607531418e+03
-1.221920967563949489e+03,-1.191029601989437879e+03,-4.971101452246310615e+00
-1.379106513815365815e+03,-1.142469414271279447e+03,-1.064096268394353274e+03
-1.154837366820503576e+03,-1.288571149485023852e+03,-1.254391188148854326e+03
-9.984680553909597620e+02,-1.503867527069580319e+03,-9.214976246611997794e+02
-1.476798179814987634e+03,-1.319398660776500492e+03,-1.263473135385448956e+02
-1.034229830096405522e+03,-1.437272845643383789e+03,-3.012642130750661895e+00
-1.041771281132808099e+03,-1.360464181136266234e+03,-5.119922770968238979e+02
-1.064260410707311621e+03,-1.491908366451482152e+03,-2.584405775817954805e+02
-9.908392321529122455e+02,-1.380154769348291666e+03,-9.876338827945115781e+02
-1.215472585251162172e+03,-1.390407540586205869e+03,-2.583421503292348120e+02
-1.217570735648532263e+03,-1.218385851445657636e+03,-1.078301624384851493e+03
-1.053487722862633063e+03,-1.317648140171474324e+03,-4.989832853343920647e+02
-1.360946267960913474e+03,-1.220336389968362255e+03,-9.671502175646528485e+02
-1.506625721385918951e+03,-1.062267861079429849e+03,-6.246662284390139348e+02
-9.544502924479523926e+02,-1.246005566616650185e+03,-6.319982732066177959e+02
-1.179556931428168127e+03,-1.287998149964917729e+03,-7.877115623813687080e+02
-9.735185658060153173e+02,-1.333282295292280651e+03,-6.475174340149105774e+02
-1.133224755832498658e+03,-1.496406977061307543e+03,-6.532057176919391850e+02
-1.064898740112382484e+03,-1.505835204640043912e+03,-7.909573695860027556e+02
-9.648160241971535243e+02,-1.075741896769035520e+03,-7.693536974160139152e+02
-9.066788334824524327e+02,-1.126020980712869914e+03,-1.409664134889332217e+03
-1.027965165153422959e+03,-1.368618130809664990e+03,-9.537584272560851559e+02
-1.343389668435789645e+03,-1.350305522113683082e+03,-7.326565934234462247e+02
-1.008978517494829021e+03,-9.615850922940127248e+02,-7.643814849662144297e+02
-1.000009803319835555e+03,-1.514604239105331317e+03,-1.150922087482900452e+03
-9.170930092134977940e+02,-9.867629444977538924e+02,-9.468976301424722806e+02
-1.033030032211917160e+03,-1.334291412604866537e+03,-6.291849886351528767e+02
-1.035675085657129785e+03,-1.203408998630774477e+03,-7.459383467441515450e+02
-1.006922106345703810e+03,-1.244768004081721529e+03,-6.695086212256853742e+02
-1.395049105314931467e+03,-1.187492977905310454e+03,-8.009573175935598783e+02
-9.150417780890314816e+02,-1.240544103917838811e+03,-5.858909416499240024e+02
-8.870369281429286730e+02,-1.174448336057501592e+03,-6.441864892210626294e+02
-1.190473150682830010e+03,-1.482205782306209812e+03,-5.179427826969018724e+02
-1.384558258262580011e+03,-1.098843570531011210e+03,-5.122270378977193559e+02
-9.558675578686870722e+02,-1.404561932997770327e+03,-7.656568154936707060e+02
-9.784375735869599566e+02,-1.403299608551886877e+03,-6.427109009784181808e+02
-1.343825908412553190e+03,-1.543135273965461010e+03,-6.684051419620303705e+02
-1.046274137596439459e+03,-1.543323057064039403e+03,-7.501606674557082215e+02
-1.385226823494130485e+03,-6.309847085609286523e+02,-6.448194050770853210e+02
-1.077589872008582461e+03,-1.289429797160531507e+03,-5.707794958229053464e+02
-1.271030282062778497e+03,-1.543730358589944672e+03,-5.294850662496487530e+02
-8.778055941766592696e+02,-7.883838365095142535e+02,-6.504817329801887809e+02
-1.082289033819663018e+03,-8.716945557761289365e+02,-4.006516880343829143e+02
-7.884862578053357538e+02,-1.070605577427757225e+03,-5.311024712863359127e+02
-1.345325148623993528e+03,-9.945821359184259336e+02,-5.197076338038002632e+02
-1.178584598892561189e+03,-1.005860442871011855e+03,-1.469374907447066505e+02
-1.310297940622936721e+03,-1.109536313083182222e+03,-1.444970996651220503e+02
-8.790487103433956690e+02,-1.550976835369587661e+03,-2.687278740892822384e+02
-8.872598007265963815e+02,-1.170773775437459562e+03,-1.321369214112273198e+02
-9.407669689002377709e+02,-1.151387652248035693e+03,-1.283714837820076013e+02
-8.497979772296221199e+02,-1.541646260207300656e+03,-2.649842278329115288e+02
-1.071280683886338466e+03,-1.270890541723974366e+03,-2.717722904294449791e+02
-8.611984804850671935e+02,-1.491089609715473671e+03,-1.333354906803997153e+02
-1.166554219499613055e+03,-1.168834385856709787e+03,-4.008583961896154619e+02
-8.567041289615243613e+02,-1.143780172628713672e+03,-1.077883677742445343e+03
-8.523363845289403571e+02,-1.149126762788898077e+03,-8.860136069996109427e+02
-1.205554124947405853e+03,-1.203176562947345246e+03,-3.901008257585688170e+02
-7.571481885324481027e+02,-1.124861623604592296e+03,-1.308640429189372867e+02
-7.518907052162115860e+02,-1.265905771843569028e+03,-2.721498961330392490e+02
-1.204535442229839418e+03,-1.190562754574904829e+03,-5.367452539825425220e+02
-8.922300520399193147e+02,-1.224068775731776896e+03,-8.801888520721627174e+02
-8.561806548361709019e+02,-1.366347621479291774e+03,-1.334849704634548857e+02
-1.178221035277380906e+03,-1.129745016687762018e+03,-2.764790033682629087e+02
-1.352389729971211864e+03,-1.266082521507922593e+03,-1.269507483445382974e+02
-7.388099608484556029e+02,-1.141614449948702031e+03,-1.305413446884386133e+02
-8.567903540924095296e+02,-1.140614814423836378e+03,-1.094967823969704114e+03
-8.741900165834823611e+02,-1.494611010206561787e+03,-1.363038858810925262e+02
-1.249388879600836162e+03,-1.495783137586652174e+03,-2.569745240812920315e+02
-1.462655731654034071e+03,-1.138520778433437272e+03,-3.873282834558392551e+02
-1.378991542540718683e+03,-1.167288218009836555e+03,-1.305822571216788219e+02
-1.184338842014358534e+03,-1.224521684117567247e+03,-4.408352384787353344e+02
-9.761603883007088598e+02,-1.071513920611511367e+03,-5.347455741577249455e+02
-8.699140090401383532e+02,-1.271813769608716939e+03,-2.702504561132232084e+02
-6.449432394877719616e+02,-1.134204801245836279e+03,-2.863087721349716048e+02
-1.096760188747310622e+03,-8.810653483242746233e+02,-1.268017685368692753e+02
-8.709463578151940055e+02,-1.578714796017336994e+03,-2.539040271344030941e+02
-9.514909987346662774e+02,-1.447634429228346335e+03,-5.100875956863113743e+02
-1.173011524420340265e+03,-1.137466267293216333e+03,-1.322989371454594334e+02
-1.068441583320104428e+03,-1.052882964151543320e+03,-1.252258341844097771e+02
-8.789333312301496335e+02,-9.909369018824725117e+02,-1.263662753063397730e+02
-9.712304691910710517e+02,-9.359821597107697926e+02,-2.644149171658782507e+02
-9.038219282948340378e+02,-1.212757625798027675e+03,-2.602026826076276507e+02
-1.038107971428149312e+03,-1.519649855995460484e+03,-1.278084408891546957e+02
-7.560745285955201780e+02,-8.869743710755471966e+02,-2.808740802101464169e+02
-7.825983116647324778e+02,-1.345765087631839378e+03,-1.268094218724092173e+02
-1.447026338917325120e+03,-1.209153166781606615e+03,-7.877385362029142470e+02
-1.449311182536275055e+03,-1.028743435747867579e+03,-3.977805207868106550e+02
-1.201979183885936209e+03,-1.164738103792961965e+03,-2.567566377005389882e+02
-1.069264108325754933e+03,-1.090359293283188435e+03,-1.210185946177854799e+00
-9.674586844810521598e+02,-1.208501761477684795e+03,-4.562520292909344448e+02
-9.744510153581486520e+02,-1.218728655016531093e+03,-1.283452099404047999e+02
-1.302554142750555457e+03,-1.025460001882971255e+03,-1.322838407142298252e+02
-1.389290822291847689e+03,-1.543104366478772590e+03,-3.109544797204177868e-01
-7.571285956218854380e+02,-1.379243398354063856e+03,-2.744880027579098964e+02
-8.956165280471450387e+02,-1.225953018444036388e+03,-1.334663023620542788e+02
-1.320554861769981699e+03,-9.936600444607197460e+02,-2.687114611003592017e+02
-7.332327698043911823e+02,-1.273627072804754789e+03,-1.250046393308530241e+02
-5.224244744987165632e+02,-1.002380923049182229e+03,-1.021361392719521977e+00
-1.471751674010286706e+03,-1.435536056971132666e+03,-4.258941669023503778e+02
-1.186768513380596460e+03,-1.000563304144167773e+03,-1.270155025860594407e+02
-8.983980747940518086e+02,-9.888883341262394424e+02,-4.015654944834299727e+02
-1.305997941537558972e+03,-1.244579780960436892e+03,-4.411934160657919506e+02
-6.414803474149890690e+02,-8.738702892037898664e+02,-2.620502307819340331e+02
-8.966720840560005854e+02,-1.345652257837438810e+03,-8.013713684378371909e+02
-8.886155361082136324e+02,-1.191451279721714627e+03,-1.359792402208226179e+02
-1.305318005052325134e+03,-9.946949162269720546e+02,-2.841517339831727327e+02
-7.539315730240354014e+02,-9.685750612266131157e+02,-1.317080719465993752e+02
-1.328631935470305052e+03,-1.237534212243674119e+03,-2.611530423134241801e+02
-1.104181495880705370e+03,-9.079420709662445006e+02,-1.328475391024951477e+02
-9.329381855464066575e+02,-1.153225516776780978e+03,-3.937745524563807180e+02
-9.593691891689028353e+02,-1.239704289948319001e+03,-2.641481023597388003e+02
-1.239022264130863960e+03,-1.086469642002026603e+03,-1.350944129571249448e+02
-1.275222309305827366e+03,-1.525867944993708988e+03,-4.178203256568380652e+02
-1.260261831583445883e+03,-1.589680171075013504e+03,-7.302447800384796892e+02
-9.764940489127270666e+02,-1.144223251243014374e+03,-2.602874842695725306e+02
-1.479895810749794009e+03,-1.495403066875308014e+03,-1.325199566016734991e+02
-8.337871891975451035e+02,-1.006081218286619674e+03,-2.809759277161992941e+02
-8.796475250963591179e+02,-9.090604965511054161e+02,-3.935843413338956793e+02
-9.649199830079318190e+02,-8.726204115280573888e+02,-1.319054023989318409e+02
-1.218178186776586926e+03,-1.544848233497839374e+03,-2.617879026600935504e+02
-8.886597694483920122e+02,-1.320212353736386603e+03,-3.090989119801839990e+00
-1.079094228871990026e+03,-1.517236796433269092e+03,-1.355632519961946514e+02
-1.228937633186537596e+03,-1.214013157842877263e+03,-4.685636986966547397e+02
-1.119033661144572761e+03,-1.336178056999203818e+03,-1.291717197022442463e+02
-1.047671143955016987e+03,-9.698688189855263317e+02,-1.249307222850458885e+02
-1.210670494555466803e+03,-1.562861094838757253e+03,-1.274123649122003314e+02
-1.039743205385185320e+03,-1.240671326148266644e+03,-1.321269435198859412e+02
-1.252375977134689037e+03,-1.145942239875834957e+03,-1.255945921508850631e+02
-1.113430325573400296e+03,-1.330375770553587017e+03,-1.255609073304513146e+02
-1.180853601134038172e+03,-1.371015218763852772e+03,-1.348493225184729454e+02
-1.025821055021591519e+03,-1.289438043302077631e+03,-8.681516791128272015e-01
-1.023927424749116540e+03,-1.472144149756137267e+03,-1.309904393954149953e+02
-7.645762364452672273e+02,-1.505004086333962505e+03,-2.521682255783313167e+02
-1.171399852569187033e+03,-1.496299283810359839e+03,-1.278252465737255221e+02
-1.474128352907076760e+03,-1.230367322757753072e+03,-4.097266410794581759e+00
-9.872834453869114668e+02,-1.060748755804595930e+03,-4.457299735052325786e+02
-1.330652861569819152e+03,-8.732080241615038858e+02,-1.330434317011219889e+02
-1.427517727772306216e+03,-1.365416388925921638e+03,-4.067536914280454994e+02
-1.503820147023883464e+03,-8.762443971970674284e+02,-1.284614968167472284e+02
-1.172787696138379033e+03,-1.240507848254017063e+03,-4.423662589234280063e+02
-7.705919541415793219e+02,-1.546545001751085920e+03,-2.583041317472299170e+02
-1.295369415779082374e+03,-9.704066896177737362e+02,-2.890510771175333957e+02
-8.635364079781392093e+02,-1.512360784139721773e+03,-4.012334688553685851e+02
-1.104771350449927013e+03,-9.056894013981558373e+02,-1.255473299012751625e+02
-1.053992855772110943e+03,-8.983206831227703333e+02,-2.671877985924389804e+02
-8.676251912863624511e+02,-8.881372334756104010e+02,-1.277252635004481647e+02
-9.682169930361972092e+02,-9.657029708980534224e+02,-2.513394350095193204e+02
-1.030744358785489794e+03,-1.492331579325704297e+03,-3.780996881128437508e+02
-8.586029378763747673e+02,-1.339446178339775543e+03,-1.277917706966960480e+02
-7.784239327486301363e+02,-9.468005492158308698e+02,-1.280863252390997218e+02
-9.821722859553731269e+02,-1.239457522264543059e+03,-1.261680919585395486e+02
-8.681482700463629953e+02,-1.459921361571308353e+03,-3.197148874871989506e+02
-1.436340506776284428e+03,-9.762553375145394057e+02,-2.635914899525613464e+02
-1.212427000015647081e+03,-8.750686479919761496e+02,-1.293590776914925868e+02
-8.710193091614722789e+02,-9.968460687412346033e+02,-3.884042641830916409e+02
-9.337398207720684695e+02,-1.290398565516889676e+03,-2.613688245133135410e+02
-1.292521072664171470e+03,-8.950220049196885839e+02,-1.291314797744182670e+02
-9.559157401364116140e+02,-1.122970377922253874e+03,-3.948239367052985926e+02
-1.322889042061662167e+03,-1.497436877896280976e+03,-2.474031757567126135e+02
-1.218019644012070785e+03,-1.179823822452164450e+03,-1.274874855466259987e+03
-7.851375131389593207e+02,-1.535997736545644784e+03,-1.289008895532721795e+02
-9.656965419631090981e+02,-1.000619453867505740e+03,-1.274680394231451999e+02
-7.442847964687166495e+02,-8.718658626788904940e+02,-3.360087509515855686e+02
-9.033876821759248514e+02,-1.202866068366204217e+03,-1.262756877698324161e+02
-1.072644309206125854e+03,-8.468548932465683947e+02,-1.310090697824670940e+02
-8.774499169248049384e+02,-7.641809584568900391e+02,-2.631108587218472508e+02
-8.815769333965743044e+02,-1.491088163351362027e+03,-5.665702703082104996e-01
-8.715050800985917476e+02,-1.497393083539488771e+03,-9.307844129377971285e+02
-1.095365319406695107e+03,-7.602745626895588202e+02,-1.285807411487260481e+02
-1.175896168921532535e+03,-1.411284267101895011e+03,-2.529962008719605535e+02
-1.469697943885914810e+03,-1.498562123410053346e+03,-1.255798869009152980e+02
-1.152204925481405553e+03,-9.072590833799889651e+02,-4.129355574921166294e+02
-9.635590706941363806e+02,-1.245183372287616066e+03,-2.494863747325277359e+02
-1.355281599151522414e+03,-1.245478550318012822e+03,-3.578311858452025263e+02
-1.442789411574600990e+03,-8.792892217570785078e+02,-1.298356595692650046e+02
-1.444978114649353756e+03,-1.227806746035838160e+03,-3.546507258389930861e+00
-9.755878178318349683e+02,-1.227403697656673558e+03,-1.271137710099154816e+02
-8.079664514011817573e+02,-1.281790766422915112e+03,-1.248779996818108486e+02
-6.390761242403441429e+02,-9.074766409667639664e+02,-8.380680857642267556e-01
-8.665520435720742398e+02,-8.810828699460779490e+02,-1.350356052368681787e+02
-1.398332106518248338e+03,-1.310863437858699399e+03,-1.311831922967552373e+02
-8.868264897970331049e+02,-8.910955620069468068e+02,-1.349556775682114846e+02
-1.137706712684872628e+03,-1.262604977801588120e+03,-2.714658701379792660e+02
-9.761914923846442207e+02,-8.981363807435546960e+02,-3.583126419663004185e+02
-7.298520615903314592e+02,-1.278176867652903184e+03,-1.268424865187073181e+02
-1.257208648055961021e+03,-1.293096670258664744e+03,-1.335305537008089800e+02
-8.935072082296804865e+02,-9.604968678011950942e+02,-1.276413607136506840e+02
-8.719362502402370865e+02,-1.223227730046167835e+03,-8.826825095833412433e+02
-1.505940873046735305e+03,-1.343970847212543504e+03,-1.243019047085689550e+02
-6.378077113421893500e+02,-8.278879277498178908e+02,-1.298591352824016951e+02
-1.264695175695483158e+03,-1.327963738196685654e+03,-1.277452380633566662e+02
-1.055468629299520899e+03,-1.281805644829913945e+03,-1.367852521875296077e+02
-8.926573345336038301e+02,-1.257283881463622947e+03,-1.311306789027628952e+02
-7.665226192281563726e+02,-8.453289347174898012e+02,-1.333718808660557329e+02
-1.216773090807677590e+03,-8.897015384961024438e+02,-1.216404876492745091e+00
-1.488672347017568427e+03,-8.679329838756111712e+02,-1.283796729455433479e+02
-1.086676827756017474e+03,-8.904953522715692316e+02,-1.322520200252946552e+02
-8.132570842809063834e+02,-1.029515333955901042e+03,-4.477046341268037799e-01
-7.552914619904136089e+02,-1.046930153533369094e+03,-2.719442327022838413e+02
-9.058336965065140021e+02,-1.331828951440677201e+03,-2.423124620090373469e+02
-1.136977657469209589e+03,-1.277330130137899005e+03,-3.692526204410447690e+02
-1.387620650530476269e+03,-9.480954938000921857e+02,-1.334606968657321424e+00
-7.591196078556755538e+02,-9.222264576061461412e+02,-3.743977846314255089e+02
-1.036052209362242138e+03,-9.920788736836424277e+02,-2.536398604295602865e+02
-7.527876960779179853e+02,-1.347262513658577063e+03,-1.282339944103028415e+02
-1.709688200281917716e+03,-1.207328605677447285e+03,-2.750496842844242451e+02
-1.148130527215510256e+03,-1.140457679637810088e+03,-1.266183628594627635e+02
-9.620253852223080457e+02,-1.540915397882809657e+03,-3.892691943224514262e+02
-8.668484930553312324e+02,-8.777955497011240595e+02,-1.302444679500850953e+02
-1.063304204902821539e+03,-1.541712658958670772e+03,-1.306289286790265862e+02
-8.751579679152577000e+02,-1.034469236396060296e+03,-1.264799454622957740e+02
-1.067396789637020220e+03,-1.009636139535811481e+03,-2.412913994615505828e+02
-1.218957060117598758e+03,-8.803954215434579282e+02,-1.283598693903963124e+02
-8.778824419209711323e+02,-8.653352029190426720e+02,-2.488068603622466526e+02
-7.510520872810226365e+02,-1.496327950589039347e+03,-1.281755023081284719e+02
-8.795794634364851845e+02,-1.494794123872109139e+03,-1.275030256260021417e+02
-8.891966494515935437e+02,-1.342683254934496290e+03,-1.280922731788039641e+02
-8.985991009102871203e+02,-1.301686249580144477e+03,-3.824117628149658685e+02
-8.126145132436543008e+02,-8.812994067232443740e+02,-1.240707599371176917e+00
-7.015636208185062515e+02,-1.273124338145908268e+03,-6.157550063381261873e-01
-9.036455210082361873e+02,-1.344936635436283268e+03,-1.315325759710391083e+02
-9.673923496517486456e+02,-1.065194802099270419e+03,-2.560600460518448926e+02
-1.288095045687242418e+03,-1.408474867364279135e+03,-1.622020706346623875e+00
-1.339727153722969661e+03,-1.251501997181657089e+03,-1.288645275468428224e+02
-8.189608199426918418e+02,-1.401403628816338369e+03,-2.860632640189620588e+02
-7.529953633319864821e+02,-1.176954946824028411e+03,-2.787442943826115425e+02
-8.673042666090105968e+02,-7.834760026383765990e+02,-3.651398373959758601e+02
-9.920130870303697748e+02,-1.187021294478466189e+03,-2.685740241563869404e+02
-8.636537502520585576e+02,-7.955231048349390903e+02,-1.317076961049521060e+02
-8.904944000666132524e+02,-1.307238588547371364e+03,-1.298613556530305573e+02
-1.096917766919539872e+03,-6.693813411038345293e+02,-2.412180775168408502e+02
-8.827215305077286303e+02,-1.307410285106093170e+03,-1.299067791849563207e+02
-8.661860776545361205e+02,-1.263493950588182543e+03,-2.701292619908304005e+02
-1.336186006043169755e+03,-1.241565387837428489e+03,-4.071160475538490573e+02
-9.900995265195313095e+02,-1.497327524100413484e+03,-1.265288257202286957e+02
-1.041030637332359902e+03,-9.992569893724967187e+02,-2.480520403152630138e+02
-7.782803510932216113e+02,-9.675021190848383412e+02,-2.512054218900964031e+02
-1.307397185142220223e+03,-8.807266884850699853e+02,-1.269892107155843775e+02
-1.459524987483888026e+03,-1.139179014901641494e+03,-1.073291034762832385e+00
-1.109992396839811590e+03,-1.332654831704853223e+03,-2.557374410609947688e+02
-1.365642963314127883e+03,-1.306565016953785971e+03,-1.296201676072733449e+02
-8.663031576532150666e+02,-8.830849588141290951e+02,-4.762836946923024728e-01
-1.183212770824530025e+03,-1.312478321605894280e+03,-3.966969061678813659e+02
-8.931316031868528853e+02,-9.927231532291806388e+02,-2.485317726855556089e+02
-8.676598053619846951e+02,-1.159710436627818126e+03,-1.287095731951949915e+02
-9.562917376697712371e+02,-1.393211474076850436e+03,-2.539216065312517969e+02
-1.103828176826803656e+03,-9.050856889418176934e+02,-3.679433297395415821e+02
-7.856848643595211570e+02,-1.317197717948166201e+03,-3.612719304975427690e+02
-1.410962783744010949e+03,-1.161506386698138158e+03,-4.013406928423653994e+02
-8.549235527156853323e+02,-1.440640340586069442e+03,-1.313614044301851038e+02
-7.561748667379471271e+02,-8.873465572172724478e+02,-1.239251374448712113e+02
-1.130567005057824417e+03,-1.407552600557670985e+03,-1.290453496328096037e+02
-7.595266864830782652e+02,-1.239481276176651818e+03,-1.277986199256415887e+02
-7.346283603187102926e+02,-1.051032911140711576e+03,-1.285369242648897057e+02
-1.377015500364945638e+03,-1.343781425310368832e+03,-2.761838286610591808e+02
-8.780723559618967329e+02,-1.428270076845285757e+03,-1.295502185918624320e+02
-1.204656695869051418e+03,-9.049298209562864486e+02,-2.646235040614606646e+02
-9.641280838286494372e+02,-1.539302368722574784e+03,-1.300973246270055199e+02
-8.761826001348522368e+02,-1.501801237743909269e+03,-1.300989645720918872e+02
-7.493236668316728810e+02,-7.742460832345640256e+02,-1.306497276990023977e+02
-7.613444113127579840e+02,-1.453265095294640105e+03,-2.899616144831273914e+02
-8.346921696652943865e+02,-1.491618380846795617e+03,-1.281768107376832972e+02
-1.415178014015528106e+03,-1.358150313084945310e+03,-3.717498603943138278e+02
-1.263215572611420612e+03,-1.431559806299615275e+03,-2.525614363667151281e+02
-1.192636214171817528e+03,-7.718597027278362930e+02,-1.275250022812895310e+02
-8.361870039534022681e+02,-1.291661168339591541e+03,-3.801942808178307587e+02
-1.096239865005904903e+03,-1.437849060108007052e+03,-2.936927780445482199e+02
-1.018712058255704164e+03,-1.496732541081693853e+03,-2.644217558067010714e+02
-1.338893646111814860e+03,-1.494234898085881468e+03,-1.264094631415616874e+02
-1.031807861024344675e+03,-1.309857910591393193e+03,-1.271628486763743098e+02
-8.409127808204360690e+02,-1.071033261099833908e+03,-1.304050184902317255e+02
-7.652964418569087002e+02,-7.682207989180473078e+02,-3.833684824375466178e+02
-7.574456149710656518e+02,-1.512922025423299829e+03,-3.767495277647830108e+02
-8.420910242282872105e+02,-1.350891381476458491e+03,-3.757332081772813126e+02
-8.959653136271869016e+02,-1.504020829993623465e+03,-1.277996288235259499e+02
-8.986265469763183091e+02,-7.833887095686375233e+02,-1.347162484525249511e+02
-1.093641311666048068e+03,-1.424515278173804063e+03,-2.578568977743295818e+02
-8.617049218295809396e+02,-8.889464778979007633e+02,-3.027524912229465031e+02
-9.054583359521627699e+02,-1.444718814504103420e+03,-4.936183927596634047e-01
-1.034944260417343457e+03,-1.550487793818735327e+03,-1.294824819470574653e+02
-1.056117010578327154e+03,-1.344696738943072660e+03,-1.388859041147511562e+02
-1.120888066249036228e+03,-1.495708729896890418e+03,-1.303361734702117474e+02
-1.077009969723524364e+03,-1.050960283943602235e+03,-2.594722905556473620e+02
-9.784883032396887756e+02,-1.573784754858188307e+03,-1.271739454143318682e+02
-7.324673379806948788e+02,-1.544156930028367469e+03,-4.492163319609708272e-01
-1.492123281872889265e+03,-1.496887863424039551e+03,-1.278449200240363268e+02
-8.435116719283694238e+02,-9.103617343622823910e+02,-1.266420938493773889e+02
-1.443891094309121627e+03,-1.468641702237219761e+03,-2.649494461829369811e+02
-1.077946940759052040e+03,-7.738658878844433957e+02,-1.359099320807258096e+02
-9.176260124140461585e+02,-1.495439824546126829e+03,-1.269837927054538937e+02
-9.735850714171106119e+02,-1.301373390306817782e+03,-1.267850109142433155e+02
-6.241687985318820893e+02,-1.493643895851086882e+03,-3.732207130824233445e+02
-1.359597309052569244e+03,-1.408239796070174862e+03,-1.270195465614574744e+02
-9.525920136617434082e+02,-1.542091516652751352e+03,-2.640484793178466134e+02
-1.211007669866485230e+03,-1.288915430623416341e+03,-2.666976898812596914e+02
-1.150036802594464461e+03,-1.386089460167229390e+03,-1.261730470838810163e+02
-1.081469169825998961e+03,-1.499407981186356210e+03,-1.291312359210266152e+02
-8.801999554909040171e+02,-1.363172844923343064e+03,-4.729098334487688571e-01
-8.612032935422063247e+02,-8.956972027218220092e+02,-1.268451116985795721e+02
-8.580304551871616923e+02,-1.403237567456655142e+03,-2.576711611490031260e+02
-8.856094266687949812e+02,-1.473818139434203431e+03,-1.266707398634040800e+02
-1.131650350793205462e+03,-6.952473242175569794e+02,-6.028248058575771395e-01
-8.887757728971353117e+02,-6.704750899839904150e+02,-1.256379816344504121e+02
-7.688127083727832769e+02,-1.109844688846098279e+03,-2.465315219092133816e+02
-8.929462873567867973e+02,-1.132601727938934346e+03,-3.480514028848459285e-01
-8.598073011590128090e+02,-1.011949625643734635e+03,-2.510697005448902246e+02
-1.084136296142227820e+03,-1.502584757903042373e+03,-1.343903460502685050e+02
-7.524596017203508609e+02,-1.211712564123889251e+03,-2.497940395040382668e+02
-8.819419690049493283e+02,-9.073579647535995036e+02,-2.593317526290740602e+02
-1.067425322302669656e+03,-1.498747491648690811e+03,-1.312255844335091695e+02
-1.189616660214773219e+03,-9.058223351485820558e+02,-1.284740919669092420e+02
-1.316603744509982334e+03,-1.130968829892241047e+03,-1.299991735075348913e+02
-1.174137748809486766e+03,-1.502733591475953290e+03,-1.298424170087372431e+02
-7.775927542052728541e+02,-7.799374516447613814e+02,-1.304386460876397393e+02
-7.432862771529177053e+02,-9.668773730482594146e+02,-1.293649560483726759e+02
-8.480166387024712549e+02,-9.054534400784375521e+02,-3.116294576073782991e+02
-1.063118536232985434e+03,-1.151835020855627363e+03,-1.303400268098489221e+02
-1.389052227841366403e+03,-1.350523334702136935e+03,-1.324938657918217189e+02
-1.457039185300152440e+03,-1.287980484641071143e+03,-1.317500903028017092e+02
-7.507615319528034661e+02,-1.224708508068447372e+03,-2.627830183961840476e+02
-1.086829704877802897e+03,-1.050237872246199004e+03,-2.924112423168563168e+02
-8.719343503953660957e+02,-1.284087884799695757e+03,-1.334259976869022637e+02
-1.380083234851446832e+03,-7.633968743580071532e+02,-1.305763858968040836e+02
-1.212880869435683735e+03,-1.543929257415758684e+03,-1.275645843537179047e+02
-1.300050778559879973e+03,-1.230383576311690831e+03,-1.316149816674457895e+02
-7.956741437055296728e+02,-1.285469028696353462e+03,-2.588401341060000505e+02
-8.847539126188743239e+02,-1.035500695310284982e+03,-1.380346176292047922e+00
-8.938560479890071520e+02,-1.475582368845164865e+03,-4.968580244525740430e-01
-8.959251189680181824e+02,-1.538915615048450718e+03,-2.474281048039665905e+02
-7.642566790495286568e+02,-1.491058229220515614e+03,-1.282204067033730155e+02
-1.257978207269729182e+03,-9.099947407509088180e+02,-1.276330004670514882e+02
-1.297291246974793694e+03,-8.538837947094096990e+02,-1.358389229950605852e+02
-1.251285040421991653e+03,-7.934080306286847417e+02,-3.846951591551277829e+02
-1.208590399683789428e+03,-1.550502679307302969e+03,-4.586659372144551994e-01
-7.626815195055789900e+02,-1.242688663334444982e+03,-4.449344226883763440e+02
-9.893352655664410804e+02,-1.323593385560030356e+03,-1.250424645576117797e+02
-8.853102493569687113e+02,-1.071643573384209958e+03,-2.566659632398086046e+02
-1.391523278979299903e+03,-1.146253811194847913e+03,-2.486976801827595409e+02
-1.090497069757954023e+03,-6.942579798910580848e+02,-1.293195676501536866e+02
-1.022428057924293853e+03,-1.199985744790458966e+03,-1.318413795799482955e+02
-9.926490695009031242e+02,-9.720758743899058345e+02,-2.627006677339372800e+02
-1.209445666773751555e+03,-1.501422004827080627e+03,-2.761162111498323384e+02
-1.072095264693923582e+03,-1.057555375323675662e+03,-1.313335626367584439e+02
-7.807719975903250997e+02,-1.201977121080486313e+03,-2.738625808715702874e+02
-1.245204827093113181e+03,-1.392107381260118018e+03,-1.282421317986183453e+02
-1.026913101314204141e+03,-1.494964648701780334e+03,-1.302754229390517366e+02
-1.438928125361101138e+03,-1.058064819414986914e+03,-2.508869674644772942e+02
-9.864294637653226800e+02,-1.181990212351574883e+03,-1.506091299296885381e+03
-1.107845817106868935e+03,-1.037893028200220215e+03,-1.265312981673524746e+02
-1.359982132251346911e+03,-1.379340715860704904e+03,-1.276151706301557311e+02
-9.520098328396234137e+02,-1.206476269555290855e+03,-1.294057760994121224e+02
-8.805861617346574803e+02,-1.341641645182732645e+03,-2.603590842845318889e+02
-7.692809731795032349e+02,-1.361306419818476570e+03,-3.032150995137274094e+02
-1.074863729439667850e+03,-1.209204762501904497e+03,-1.340254884490313430e+02
-9.778170618224407917e+02,-7.988881991167191927e+02,-2.831532191236008202e+02
-1.334076353658477046e+03,-1.542148780991396507e+03,-2.604488743835540845e+02
-1.144317811019975807e+03,-1.253523200959064070e+03,-1.295084885410818174e+02
-9.751999604551357379e+02,-1.364441829558896188e+03,-1.290651293510395305e+02
-9.645203193226070653e+02,-1.208740557281128986e+03,-1.304557082858751471e+02
-7.599677235814524465e+02,-1.499975225405140463e+03,-1.292873090211575118e+02
-7.567628650045115819e+02,-8.724969310767023671e+02,-1.779718915108398303e+00
-1.313983250640709684e+03,-8.867042547154859449e+02,-2.560267303969179125e+02
-1.192055181631695177e+03,-9.371570684140078811e+02,-1.269713084777419141e+02
-7.702409544986170431e+02,-1.413579642907782045e+03,-8.202490521201796225e-01
-9.634751444788745403e+02,-1.491509540572362994e+03,-1.304889580407713083e+02
-7.596022663916763804e+02,-1.353307460777402639e+03,-2.580418674932839167e+02
-8.547840240975666575e+02,-1.402690802533435544e+03,-1.263812604433830984e+02
-8.554256783389687371e+02,-1.319321002515600185e+03,-2.667537453849110989e+02
-8.446963578915322159e+02,-1.162386642499485333e+03,-2.549659552389160808e+02
-1.312310526944861294e+03,-1.028799497413049949e+03,-3.307804352928589431e-01
-1.228846219775458394e+03,-1.068706166775768679e+03,-2.519612322262525197e+02
-1.385697184341068578e+03,-1.450004479880396275e+03,-3.598746300495674291e+02
-8.714874838361698721e+02,-1.524849763056571874e+03,-1.275448095795158707e+02
-1.179881217383366675e+03,-1.504980185686643381e+03,-1.254247438609464638e+02
-8.818555702805887222e+02,-1.420414010654530557e+03,-1.300338447881049433e+02
-1.109937030547506311e+03,-1.319355453938166875e+03,-1.302118259880826372e+02
-8.719124287823379973e+02,-7.728027802383602420e+02,-1.280563943174942949e+02
-7.639754533070555453e+02,-7.504095178243428563e+02,-1.327934616420641021e+02
-1.572818721355249409e+03,-1.436451214426439719e+03,-1.246173287690179308e+02
-8.491026057491259280e+02,-1.053176028152089884e+03,-1.277627458884392553e+02
-1.361200459875990191e+03,-1.289606920671198850e+03,-2.585074655514939650e+02
-6.033434950702729793e+02,-1.547011143574089374e+03,-1.264961228790796071e+02
-7.638335433446158049e+02,-6.892237905612270197e+02,-1.276950319435205472e+02
-7.666743920178619192e+02,-1.542180958752336892e+03,-3.100814428264146994e+00
-1.176074205160872452e+03,-7.738557232238717916e+02,-2.658529868752360414e+00
-1.105823412503559211e+03,-6.470878576504798048e+02,-1.301881549948899419e+02
-1.503801079105224517e+03,-1.542179390153107306e+03,-1.301308977574140613e+02
-9.728274566855700414e+02,-9.104833897365841722e+02,-1.260885448364172845e+02
-8.785362231722235720e+02,-7.782482388942094076e+02,-8.070609519904289320e-01
-7.946582774645178233e+02,-1.440330678084254941e+03,-1.312848797676119830e+02
-7.913882891563390558e+02,-1.493693672639433089e+03,-1.306483547763506294e+02
-1.348271125822262775e+03,-1.423502808007849808e+03,-2.681178709301850631e+02
-1.468156132240767420e+03,-1.074103072250222795e+03,-1.306747126717720846e+02
-8.316017370874817516e+02,-1.492102126389307386e+03,-1.310961411439135986e+02
-1.401884036040187084e+03,-1.168874733483723276e+03,-3.808733136480178700e+02
-8.712706742016571297e+02,-8.960429839423480871e+02,-2.694619644177935811e+02
-7.558789160596934380e+02,-1.404700934641032745e+03,-2.501702378565212825e+02
-1.363844479232998083e+03,-1.547084688627517835e+03,-1.283534738948747531e+02
-9.942776319010050656e+02,-1.377967727031855247e+03,-1.301899662222636209e+02
-1.449341786116586263e+03,-8.933382225570104538e+02,-1.308762923010696966e+02
-9.792669976058698467e+02,-9.166651655287705580e+02,-5.527262606881884199e-01
-9.487841865114266966e+02,-1.056025301167418547e+03,-3.896296500955606756e+00
-1.288934135871954140e+03,-7.676997440873450387e+02,-2.558626866503632300e+02
-7.922759307643826787e+02,-7.753973343790084982e+02,-3.824054312201880066e+02
-8.089047377179297200e+02,-9.604136672720890147e+02,-2.926864656478412030e+02
-7.506491433878286443e+02,-1.522226768723051919e+03,-5.783630709469577136e-01
-7.600251921751164446e+02,-1.190846983979474999e+03,-1.304784903111856806e+02
-8.756866035801524504e+02,-1.102842731150958798e+03,-1.796407082544893896e+00
-1.085582401942204115e+03,-8.972694175232192038e+02,-2.519100252289006221e+02
-8.588242621320059698e+02,-1.550914694947815860e+03,-1.287529620358283182e+02
-1.590587027919847515e+03,-1.499023079797062792e+03,-1.329192879774374774e+02
-1.311554172870894263e+03,-1.232093084316591558e+03,-1.313314199180366018e+02
-1.107495593288502732e+03,-1.444715891350117772e+03,-7.037444961151804819e+02
-1.030963511498517619e+03,-1.529143945085284486e+03,-2.665790938850620932e+02
-7.701074455704388129e+02,-1.540085820651354652e+03,-2.524000878444705336e+02
-1.097379637125907948e+03,-1.498471190315571448e+03,-2.549644341384486097e+02
-1.128252096632371149e+03,-1.401313687658324397e+03,-1.257434720610066279e+02
-9.395438763600944867e+02,-1.234196744573340311e+03,-3.778737213737508682e+02
-8.446146807542950228e+02,-1.121032018163120028e+03,-1.276868248002192558e+02
-1.333826627120467492e+03,-1.403483201778209377e+03,-3.588277616196454574e+02
-1.135886232545020675e+03,-1.034909199300821683e+03,-2.684419187821096671e+02
-1.008615576898099448e+03,-7.824126478287562350e+02,-1.315637375941078346e+02
-1.426285703519994513e+03,-1.300288085602073579e+03,-1.303607665909662785e+02
-1.027528947965537327e+03,-9.686621527700471006e+02,-3.645812069741774053e+02
-8.837111998096796697e+02,-1.074366869566263631e+03,-2.448389017755499424e+02
-9.907950293552627272e+02,-7.585971858129450993e+02,-3.700533520448568652e+02
-8.913687970525717219e+02,-7.855499187569024571e+02,-1.271596823650554171e+02
-1.388772976127053653e+03,-1.374525537913335938e+03,-4.767231424380101168e-01
-8.944052084753047893e+02,-8.938045856337024588e+02,-3.845524553616947117e+00
-9.700798028993718845e+02,-8.096153873124401343e+02,-7.031591343863083239e+02
-8.949245188707329817e+02,-1.147501638787939783e+03,-1.289357880794375433e+02
-6.827333353718178159e+02,-9.342210677664054401e+02,-1.278080700704038435e+02
-1.074772325872456804e+03,-1.033099043858214372e+03,-1.308626173947467350e+02
-1.308099566966674502e+03,-9.133014242780842551e+02,-1.288802770227262613e+02
-1.202077756478865695e+03,-1.161830334900713069e+03,-1.246649717558374135e+02
-8.948448161325327419e+02,-1.543309394808604566e+03,-5.817143845556420612e-01
-9.869607825102726792e+02,-1.499811114323105812e+03,-3.793801572480797972e+02
-7.538063612673026910e+02,-9.872218353889280706e+02,-1.232156756642623208e+02
-9.121734292984573358e+02,-1.503308589457268681e+03,-1.276448479770147770e+02
-1.073420351906002452e+03,-1.493112678788773337e+03,-2.441884958008523654e+02
-7.427098892813136217e+02,-1.222568359113566885e+03,-1.309192418985199424e+02
-8.221113101490639110e+02,-1.397910769088741063e+03,-2.958541929660198662e+02
-1.017837574366213858e+03,-1.540750078127677625e+03,-1.252963560828249285e+02
-7.785510928132013078e+02,-1.138723996043000625e+03,-1.297183090432147878e+02
-1.036154563710253115e+03,-1.215242006359247625e+03,-1.275862777795981344e+02
-1.032546529974654277e+03,-1.177103539484176508e+03,-1.274041890708393083e+02
-1.099461348591246406e+03,-1.374536318170224149e+03,-1.294514531584347310e+02
-7.488976014448686556e+02,-1.433784804821653324e+03,-1.267456730827614848e+02
-8.561282582882573706e+02,-1.078517337202184535e+03,-1.225981934440747807e+02
-9.361524172907230650e+02,-1.251525157528344380e+03,-2.389158412019686750e+02
-1.605670179306699765e+03,-1.427255632007869508e+03,-3.693804652165696325e+02
-8.736133301753901605e+02,-1.496086430766715239e+03,-3.806056062668045570e+02
-9.918358089250381227e+02,-1.392086833775451169e+03,-2.681564948794354564e+02
-1.093974162385986801e+03,-1.203242315907235252e+03,-1.279758797738709575e+02
-9.052208933563463233e+02,-1.050422179746518850e+03,-2.824216717783360195e+02
-8.828379056569925751e+02,-1.051753091409902709e+03,-2.668337586952104061e+02
-6.479617920011739898e+02,-1.511410842674302103e+03,-3.274461670608514452e-01
-9.005985617899176532e+02,-1.222892209782312875e+03,-2.526618494377566151e+02
-6.575186209070976702e+02,-1.093743291671158431e+03,-1.276735274263972997e+02
-7.938415562722500454e+02,-1.068994598580631873e+03,-4.175662686960217029e-01
-9.952805861042822926e+02,-8.976026067619187643e+02,-3.943514782941260250e+02
-1.292409345227212498e+03,-9.279542243984333254e+02,-4.056031124628096673e-01
-9.788152126771598205e+02,-1.471800885639951730e+03,-1.258682592176440380e+02
-1.250266405061736577e+03,-8.735213056782708918e+02,-9.396855164793809223e-01
-1.106468752387332415e+03,-1.496987440594304871e+03,-1.266838765077418572e+02
-9.941447375552515950e+02,-9.076901824809590380e+02,-1.267104448856920413e+02
-9.628206751692912349e+02,-1.167018773545071099e+03,-1.315529565841364104e+02
-8.642885265155060779e+02,-1.038776369563845037e+03,-2.672585932364266341e+02
-1.068614282114109756e+03,-1.012129596489482196e+03,-7.338033312467145963e-01
-8.770786019083806195e+02,-9.319495550996597331e+02,-1.298522127120421032e+02
-8.586224285176153899e+02,-1.281545757422402176e+03,-2.450127722732643747e+02
-9.673061933760941429e+02,-1.214529102341288308e+03,-4.382604334018389558e+00
-1.415938578470291304e+03,-1.014391120530394005e+03,-2.463100692861302150e+02
-7.247493374248509781e+02,-1.339721717530979276e+03,-1.266041608869406474e+02
-8.362203246934810750e+02,-9.213707009891010102e+02,-1.300890108596867663e+02
-8.470122873117081781e+02,-1.538904713795798216e+03,-1.268813289372917410e+02
-8.948149039448685471e+02,-1.392134927378154089e+03,-1.290405866770119871e+02
-9.944849004454983969e+02,-8.715882983075640595e+02,-2.580453015602559503e+02
-1.089774567357495016e+03,-7.623634541569671228e+02,-1.316556377766070227e+02
-7.341750428379268669e+02,-1.165850654901367989e+03,-2.757361511724080287e+02
-9.016705421250244399e+02,-1.079681425536222832e+03,-4.135331560323916023e-01
-8.961114923764411060e+02,-1.077444187146846843e+03,-1.323765956106927035e+02
-1.114603651672710157e+03,-1.004475983780829097e+03,-1.283490425865080624e+02
-8.549443048768729341e+02,-1.363535190169503039e+03,-1.102181226510632772e+00
-1.314846615964174134e+03,-1.393773759336272633e+03,-1.219040383041193536e+02
-1.214955938176360860e+03,-1.495125153278783955e+03,-3.875425507313064486e+02
-1.234974481479265478e+03,-1.259967056123566181e+03,-1.297796241296074413e+02
-1.346827538759207982e+03,-1.111534204338391419e+03,-1.295902191159277095e+02
-1.066844421059812021e+03,-1.492297509783071746e+03,-2.903580577027915410e+02
-9.858079906411317097e+02,-1.253867304293568395e+03,-1.301466599891394935e+02
-8.629427616402396097e+02,-1.150800554459653540e+03,-3.756230491357433721e+02
-1.475703073297776427e+03,-1.064589194020735476e+03,-3.742041796806186085e+02
-8.910119146595316124e+02,-8.821287470043578196e+02,-1.498906654372986395e+03
-1.295198315383887120e+03,-1.493522468751184988e+03,-2.691385086974178762e+02
-8.958821430127619578e+02,-1.376038511752529757e+03,-1.292338086204073591e+02
-1.350829270575951114e+03,-1.056298213126993915e+03,-4.008510986138744125e-01
-6.100580293860058418e+02,-1.498290926717615548e+03,-2.643293229215150291e+02
-9.547082697819020041e+02,-1.025424310242147612e+03,-2.623185421430339375e+02
-7.585771734619869449e+02,-1.069244858062426601e+03,-2.589499379146479896e+02
-7.597773208946733803e+02,-1.492414373338237056e+03,-1.270066424185959875e+02
-1.189738542809172259e+03,-1.536950646628219829e+03,-3.764132879665709197e+02
-1.189752416689386564e+03,-1.045907696404338139e+03,-2.760879518011279856e+02
-1.055006273493790559e+03,-1.213659410992976973e+03,-1.284699977509385178e+02
-1.240272499432569703e+03,-8.341527090405709259e+02,-1.282422358941169591e+02
-1.403526776198239304e+03,-1.298741623359014284e+03,-1.312947116759226844e+02
-8.843045769575929853e+02,-1.485894035224839627e+03,-2.583878321979399288e+02
-8.807747402128137537e+02,-1.013155106812473718e+03,-1.525303136813324745e+00
-8.782312876481258854e+02,-1.559468880919210505e+03,-1.310002483926630816e+02
-1.105568142927181952e+03,-1.154176755080208977e+03,-1.314547181830250508e+02
-9.808945970602774196e+02,-1.106819356070360527e+03,-2.848689607518409161e+02
-7.502411212613403677e+02,-1.116786425811501203e+03,-1.315338768191567169e+02
-1.037509017446396456e+03,-1.336404133509372286e+03,-1.264564224471082383e+02
-8.915981286501279328e+02,-8.247025390873511697e+02,-1.284260822379934268e+02
-1.083256272885253793e+03,-9.029694403778302103e+02,-1.305952465264224429e+02
-9.393085191827294693e+02,-1.122056750480425308e+03,-2.702717900696165998e+02
-7.978874238030726929e+02,-9.073395020630179033e+02,-7.858499886484425767e-01
-8.963185273096609080e+02,-1.503365640598626442e+03,-1.303221929625182440e+02
-1.191457410724522788e+03,-1.111077238452806796e+03,-1.266051668694002927e+02
-9.893754615794600795e+02,-1.146848072188087372e+03,-2.695652851144306510e+02
-8.851531149002809116e+02,-1.345048109530635656e+03,-3.816864050893735794e+02
-1.333141325986584206e+03,-1.542586473488265028e+03,-1.321872664892390787e+02
-1.186097935144406165e+03,-1.021391881901834154e+03,-1.263404007701470562e+02
-1.099436382881058762e+03,-1.515634492208443589e+03,-2.574254269854347967e+02
-7.518864798001385452e+02,-1.046983813476642581e+03,-2.817135799905957469e+02
-9.661503867920700941e+02,-1.044172843030926060e+03,-1.313391375363112274e+02
-1.257425981748032427e+03,-1.195472457624953449e+03,-1.279667873003908767e+02
-7.964717259208415499e+02,-1.495397236483971483e+03,-5.702879816447665462e+02
-7.505572705684447783e+02,-1.151194118355109822e+03,-3.919982046441134571e+02
-1.332337659491103523e+03,-1.123099105292986451e+03,-1.295746459302183382e+02
-1.076761014341829878e+03,-1.316582348752721373e+03,-1.282097219335032321e+02
-7.632036020410870378e+02,-1.566858892105906989e+03,-2.591088120179484235e+02
-1.457924960375319642e+03,-1.212205695078900135e+03,-2.597579327467599342e+02
-9.710199976432244284e+02,-1.235199269136836165e+03,-4.094528101127276054e-01
-1.204818505612199260e+03,-1.308003741264182281e+03,-1.281256376908959851e+02
-9.675565280535024613e+02,-1.545379878581386265e+03,-3.419584832466121611e+02
-1.179385828625994918e+03,-1.319230521988398777e+03,-3.684635963471428681e+02
-9.689940940715123361e+02,-9.257415169134776534e+02,-1.296911348097454493e+02
-9.755686884322814194e+02,-1.029274808971684706e+03,-3.750903941714895495e+02
-8.813951668008909337e+02,-8.842116367034954010e+02,-3.774971098760933614e+02
-1.016660905113529225e+03,-9.801216682723004396e+02,-1.292238517684338035e+02
-9.917407354688100440e+02,-9.544264862155175706e+02,-1.265370510122029941e+02
-1.510525673083542188e+03,-1.252971415483824330e+03,-2.424704401582734192e+02
-1.000070405997840567e+03,-1.315313878443969543e+03,-1.234106031157946006e+02
-1.004651536295712503e+03,-1.532084350953756712e+03,-1.321730461653206987e+02
-8.573397122033667301e+02,-1.493235678863347857e+03,-2.585014919616792781e+02
-9.926941893631125140e+02,-1.494826843901255415e+03,-3.013594421579707046e+02
-1.216954230658048573e+03,-1.546044859665895956e+03,-1.294233836186716360e+02
-9.394450710985696560e+02,-6.565256079195791017e+02,-1.226660477380780634e+02
-1.181571048864991781e+03,-1.539365601360286973e+03,-1.318508290328443593e+02
-9.271021287759805318e+02,-9.688557012752975197e+02,-3.238671194599672276e+02
-9.279322093622351986e+02,-7.786767299435595078e+02,-1.287271366430548767e+02
-8.739547821926360029e+02,-1.115491169767287147e+03,-1.273226854954187388e+02
-8.741239561169455783e+02,-1.533784305339855564e+03,-1.260283561380383048e+02
-8.730611857303111947e+02,-1.043368646937249650e+03,-2.613880919440244384e+02
-1.091794007377427533e+03,-1.496635995121400356e+03,-2.697934402269459611e+02
-7.837336293156965894e+02,-1.498912739146908507e+03,-2.387933388703668527e+02
-8.882232686705597189e+02,-1.033639674002881975e+03,-1.302500182641922208e+02
-6.916496467705159148e+02,-8.883608547968250377e+02,-3.765409511083811935e+02
-1.149613020176049531e+03,-1.502523005020543224e+03,-1.754874569568015463e+00
-1.390639199471076836e+03,-1.163071197806329565e+03,-2.603299513730995045e+02
-9.848146903014770714e+02,-9.214000971314417257e+02,-1.269532736664978643e+02
-7.534477684306001493e+02,-1.195849724445896300e+03,-3.900191010497842670e-01
-9.809522914810177099e+02,-1.304262639283972248e+03,-2.659110776279848096e+02
-9.639349590972220767e+02,-1.236038489034654049e+03,-1.293598248587785804e+02
-8.236040410438256458e+02,-1.292696393938256506e+03,-1.789479705759687844e+00
-1.086496358731642658e+03,-1.151688200634538589e+03,-1.274771400845365434e+02
-8.608921786852214382e+02,-1.277322018955095928e+03,-1.313172342160808626e+02
-6.549874316080286007e+02,-1.579877263000126050e+03,-1.268664775827378435e+02
-7.398330051162647578e+02,-1.346893537884385751e+03,-1.253507864008373787e+02
-7.740501892969439268e+02,-1.523080231056939965e+03,-1.262225550314242781e+02
-1.121547622888737578e+03,-8.163277971748725577e+02,-1.219751862839704604e+00
-8.860982380177018740e+02,-1.446629619742913519e+03,-1.241825121275793586e+00
-1.252782489751955609e+03,-1.037712850545934771e+03,-3.714964161231864068e+02
-1.163220819848142582e+03,-1.113080189694465844e+03,-1.276977221788184522e+02
-1.169981448016378863e+03,-1.502698018130728315e+03,-3.919232877738294860e+02
-7.709404458713185022e+02,-1.544462016397527577e+03,-2.772114534379133133e+00
-9.774206013239115691e+02,-1.013605783960522899e+03,-2.789779024045686810e+02
-9.361199983684433619e+02,-1.026575207695172139e+03,-1.256838533007116609e+02
-9.982372612019166809e+02,-8.898748572239819623e+02,-1.703835673569612297e+00
-1.074028820257054576e+03,-9.018980375657372406e+02,-1.285458192268707478e+02
-1.305066038156658351e+03,-9.815350423283805412e+02,-1.350700423643262980e+02
-1.199282917929265977e+03,-1.034322995203674964e+03,-2.864327416005397708e+02
-9.821088148478020230e+02,-1.208308834359186903e+03,-1.287460938914294672e+02
-7.704792119705612095e+02,-1.508519301050064541e+03,-3.649447130372974470e+02
-8.661430342313634583e+02,-1.144374906995515857e+03,-1.313223599065377130e+02
-8.627200969747419776e+02,-1.491477840868870544e+03,-1.290413635108561721e+02
-9.015744971537820902e+02,-8.800966202920743626e+02,-1.282605247218682223e+02
-1.004878796067959570e+03,-1.329151876436579187e+03,-1.309300492142762948e+02
-1.255695148717120901e+03,-1.252366597635236985e+03,-1.237741423970224908e+00
-1.082603321558063726e+03,-1.127231778457321980e+03,-1.299943010850873293e+02
-1.031458189614593493e+03,-9.068879834661927362e+02,-1.259179549020207958e+02
-1.081636782634323026e+03,-1.388417385153926261e+03,-2.583568486361191390e+02
-1.470317058155954555e+03,-1.268255399098307407e+03,-1.298220813991343618e+02
-1.246819981822971386e+03,-1.230614073429349446e+03,-1.290424870155738688e+02
-1.205101015938325645e+03,-1.441096970670566407e+03,-1.283829303146613086e+02
-1.120003890023172744e+03,-1.548006232353976202e+03,-1.281698849004339706e+02
-1.476460821681120251e+03,-1.231216266742758989e+03,-1.353467809337466576e+02
