-1.422403199607750594e+03
-1.532917413745886506e+03
-1.057288878023260850e+03
-1.694869819359022586e+03
-1.176720973160928907e+03
-1.547135986942399768e+03
-1.443449037060262526e+03
-1.710785712507345806e+03
-1.533966380911936540e+03
-1.703928313431422566e+03
-1.689111852119765445e+03
-1.653098710255811056e+03
-1.172029341075563934e+03
-1.212189599483203210e+03
-1.468158719731767633e+03
-1.218462868497692170e+03
-1.382326079994874590e+03
-1.341091388664902070e+03
-1.371895401790825645e+03
-1.327573330476939418e+03
-1.317148931486020729e+03
-1.322750900106960444e+03
-1.328682164856872760e+03
-1.343532888969889882e+03
-1.337530635396152547e+03
-1.203168141748413063e+03
-1.387138846954502242e+03
-1.220047360766048314e+03
-1.226977000867271954e+03
-1.085950485721604082e+03
-9.471613041975837177e+02
-1.277414095545135297e+03
-7.710880334275896075e+02
-8.459822911743332270e+02
-8.006070727620061689e+02
-1.217207835003888931e+03
-1.192602282183863053e+03
-1.213087869647100661e+03
-1.235050687760188794e+03
-1.280874859812485511e+03
-1.210545469923835071e+03
-1.202576909542348858e+03
-1.218002668505106840e+03
-1.054713003602694243e+03
-9.199968882382140691e+02
-1.077051885812073124e+03
-1.033742273038863914e+03
-1.141029821659700701e+03
-8.963148169452524598e+02
-6.365055133133404297e+02
-7.615670123482879035e+02
-8.464939146448351721e+02
-6.744942981736638785e+02
-9.806687857940834192e+02
-7.537266449204721539e+02
-6.398558948820868864e+02
-9.963319307074323206e+02
-9.006562784926700260e+02
-1.081993657973444670e+03
-1.099666340591132894e+03
-8.713101481633322010e+02
-8.534705763626922135e+02
-1.069094059387331754e+03
-1.088508957711935636e+03
-1.095053098728146324e+03
-1.073065548177523851e+03
-1.074682055563303493e+03
-1.080088620664288555e+03
-9.679919539183757706e+02
-7.256056878427068568e+02
-3.825134783848091615e+02
-7.522772578920349815e+02
-3.786959116548719635e+02
-2.286178401472300781e+00
-2.421216531227686097e+00
-4.939568951608900420e+02
-4.944963700203435906e+02
-3.748556195625408236e+02
-3.793609373915268179e+02
-1.044671320237392820e+03
-7.631167637095525151e+02
-8.672909987776095022e+02
-1.004303935046444280e+03
-8.741272597222792911e+02
-1.079406738407020384e+03
-8.062492643421453522e+02
-1.131685290921697970e+03
-1.038361747780800442e+03
-8.722779240882081240e+02
-9.798133151947195074e+02
-8.870385876743868039e+02
-9.951097672887317458e+02
-1.027620723448967055e+03
-9.957668133829090493e+02
-8.671464359180178008e+02
-9.828880177499345336e+02
-8.751743360776150666e+02
-7.587567307987836784e+02
-6.285485457764905277e+02
-7.391067755762866227e+02
-1.217395812700307260e+03
-9.568855829515715641e+02
-4.851505921616978867e+02
-2.560861375447348678e+02
-1.292933022755789239e+02
-1.239620223294224246e+02
-1.293007463253880474e+02
-2.282925548707035457e+00
-3.206115838063126500e+00
-2.317035475569624907e+02
-1.176010582968362286e+02
-2.163978862147534876e+00
-1.176888292956310806e+02
-3.436470700836406422e+02
-2.286348305001705796e+02
-1.252385068373252324e+02
-1.134672232347062618e+03
-2.382065807302634823e+02
-4.340779568304024565e+02
-1.176101996680131606e+03
-2.377048255309852323e+02
-1.184661475833992768e+02
-2.295399457344732923e+02
-2.540428125779649235e+02
-1.172738326132547627e+03
-1.366439013224566679e+03
-1.251012502774566997e+02
-2.855491994357638674e+00
-1.308264607644422597e+02
-1.033905993137080031e+03
-2.352500729753529072e+02
-2.432082614965977996e+02
-8.903210110956525796e+02
-1.278779887579145793e+02
-1.308647092332556667e+02
-1.219969943281230229e+02
-2.461706508366983996e+02
-3.691830478983652597e+02
-2.486391755055103943e+02
-1.174973382564748817e+03
-1.271896996267130788e+02
-2.268663805687861412e+00
-1.308265630101368515e+02
-6.188121960974897320e+02
-3.697357204534081347e+02
-2.454447280471415809e+02
-1.278340775493900736e+02
-1.228232083796866192e+02
-2.483882367908332753e+02
-3.586426057632768334e+02
-4.681740636211313245e+02
-1.293860585309888904e+02
-1.045159284513594002e+03
-1.258968346261709002e+02
-1.277755583099136771e+02
-5.154903692176095547e+02
-1.262858000523037987e+02
-9.572615020463053952e+02
-1.257737907402047313e+02
-9.205084072272818503e+02
-1.271477896294356498e+02
-1.083954320117977886e+03
-2.376534859757277331e+02
-1.537009507880464980e+03
-2.773300076707118311e+00
-1.235813551487799771e+02
-2.237591055578820320e+00
-2.201314705055943399e+00
-1.244367808309053771e+02
-1.048998347309424844e+03
-1.210790234450406899e+02
-1.255428941448993498e+02
-1.058920272282421820e+03
-1.113492186072327286e+03
-3.476427999444093757e+02
-3.547037692538483498e+02
-1.240085419886426195e+02
-1.256676814042982784e+02
-2.298409584488484825e+02
-1.174043303331377956e+03
-5.501948610307564422e+02
-1.277437300651444190e+02
-2.505034639449473843e+02
-2.224892725345334998e+00
-2.349071172989377203e+02
-2.532927853993946314e+02
-7.404003194995574404e+02
-9.738999012801245954e+02
-3.640630933276637506e+02
-1.278214237247253635e+02
-2.478031874540886577e+02
-3.276016241024959186e+02
-1.235497101857274487e+02
-2.462131150921898382e+02
-1.994789932704611024e+00
-4.022876927992225546e+02
-1.273969917678551838e+02
-5.250196318253857726e+02
-2.279549605161009129e+00
-2.288112479239110826e+02
-1.267743703135643329e+02
-2.406518719653752783e+02
-2.554230713196106706e+02
-4.337529224254728888e+02
-4.683727287239202042e+02
-2.269432507967727997e+00
-1.282421572071879439e+02
-4.301416908312485248e+02
-1.254185216149087410e+02
-2.560192431711190011e+02
-6.940344185077708516e+02
-1.226637037143560889e+02
-4.689247480897840887e+02
-1.306193497124903615e+02
-5.353467691123287295e+02
-4.634114391308069116e+02
-5.596069150891787558e+02
-2.433383504336574674e+02
-3.543188421033192412e+02
-2.784874103814755308e+00
-6.348760176147005723e+02
-2.561290373574194064e+02
-4.293747993068695905e+02
-9.049426018748494016e+02
-4.793693252500383437e+02
-3.900414214071865899e+02
-4.824333777482272545e+00
-1.294804799229911509e+02
-2.372144012506929016e+02
-2.440751211517935531e+02
-1.222172559261355445e+03
-6.756818490969740409e+00
-4.625512901725177244e+02
-1.267803591473385723e+02
-7.198874562577332199e+02
-5.137255468627161008e+02
-6.240375023535455057e+02
-5.456294225718086182e+02
-4.406809842414281775e+02
-2.277532341921809973e+02
-1.235355636388682825e+02
-1.254656545624721673e+02
-2.485644700743001465e+02
-6.875231065061039999e+02
-4.747887019733509462e+00
-5.121506555500454851e+02
-1.254012472676682677e+02
-4.539541475633409959e+02
-4.482674075459768801e+02
-1.300194307554582736e+02
-3.369501624365786938e+02
-3.884283886695987462e+02
-2.331361106042938616e+02
-3.580263850330902642e+02
-6.083693561605424520e+02
-4.573198767183710629e+02
-4.397082043344732938e+02
-1.284936299429529072e+02
-1.248789722529064932e+02
-5.156858230191562598e+02
-6.592934571895289082e+02
-5.361662473440842405e+02
-1.051201267023132232e+03
-2.874031532481843065e+00
-9.889386743501011097e+02
-2.313420139256855190e+00
-1.196597844956158383e+02
-2.269371569483310225e+02
-1.176312210119960753e+02
-2.911654184759764341e+00
-2.417674192433368319e+02
-1.265691111440247454e+02
-1.192767569004213613e+02
-1.312060232507989497e+02
-3.609202954699783028e+00
-2.578546215657634662e+02
-9.657631261748692850e+02
-1.247084638296716719e+02
-1.328389269350850554e+02
-2.551278701232690764e+02
-1.243990160621725920e+02
-1.286556775268752233e+02
-1.288746537163666801e+02
-1.262686909629316574e+02
-2.404263627662546412e+02
-4.345084423563354790e+02
-1.242262632182175821e+02
-1.231461538591979377e+02
-1.205958977543188126e+02
-3.418471396089957466e+02
-1.261657256011100401e+02
-8.871483347708210658e+02
-1.190458423048180805e+02
-5.888614122629881820e+00
-4.162429318892417740e+00
-1.502685586050715756e+03
-2.257563291329917377e+02
-2.324044395924962885e+02
-5.391213181245765327e+02
-3.428890235895852356e+02
-2.245931870400855530e+02
-3.624889809340673423e+02
-2.369928629965041864e+02
-4.701733349296685560e+02
-3.496401283204878041e+02
-9.443095780269191053e+00
-2.446115343083712901e+02
-2.479975792394171208e+02
-1.253907201996463101e+02
-1.225022520243428801e+02
-1.324787472405195388e+02
-4.060218818349949288e+02
-1.394653126688355087e+03
-6.596223240482713663e+02
-1.212277825205215095e+03
-3.460615511481772160e+02
-3.446915672830533026e+02
-7.881041126077585659e+02
-1.227222369930374697e+02
-5.386303801154759867e+02
-1.209186423740922578e+02
-7.812661555375167381e+02
-4.560442141951575081e+02
-1.192733086337330946e+02
-2.336168913974711074e+02
-1.196523127476562820e+02
-1.252447125942631203e+02
-3.993811093113395714e+02
-1.042739155231871791e+03
-1.221869008498187128e+02
-4.760561292663712720e+02
-2.312124265890008417e+02
-2.421103785508749695e+02
-3.294578696407430698e+02
-6.525781776952170503e+02
-1.253129614361037056e+02
-1.221100309969347251e+02
-1.195078768827137310e+02
-2.466013314230520059e+00
-6.211751247392584219e+02
-1.265128207504504587e+02
-3.457016699362161489e+02
-2.401361933700910640e+02
-5.935725237617182302e+02
-2.320451185219988020e+02
-2.590300848775532359e+02
-1.247126372495316247e+02
-2.223472200598112067e+02
-1.234199152789872898e+02
-2.460585625257961055e+02
-4.157655877578341652e+00
-2.323544917770896063e+02
-6.145708195164535255e+02
-1.225111410838539001e+02
-3.177799277154047086e+00
-1.290646160811306515e+02
-1.212542088525836732e+02
-1.201897063993257575e+02
-1.230434631267939238e+02
-2.294369037932545652e+00
-2.571291581707639011e+02
-1.191011935505697750e+02
-2.288952505407947342e+02
-1.230940128925785615e+02
-1.254922037484127202e+02
-1.265647353083187880e+02
-9.383359699079840084e+02
-1.235992192448970712e+02
-1.186117324026950683e+02
-1.303909925725375558e+02
-2.998433208442632392e+00
-3.470674868819107814e+02
-1.286895855280590695e+02
-1.238673279166374925e+02
-5.303938841012590721e+00
-2.285624414265232360e+02
-4.027898464773062237e+00
-1.324415236874684183e+02
-1.297218849926041742e+02
-2.431606793012463186e+02
-1.229952459883415798e+02
-3.401616704446760195e+02
-2.398920845639157164e+02
-3.368817324347587601e+02
-2.323578024447885184e+02
-2.358722852473156877e+02
-1.287659070757758570e+02
-2.390295003590469207e+02
-2.377357725068781633e+02
-6.185024767111077182e+00
-2.299353531558633676e+02
-1.271186589543610523e+02
-1.247692085778121651e+02
-1.193309929561002605e+02
-1.334973505531360445e+02
-6.263363599945058695e+02
-2.709770811576784677e+00
-1.202512941225210454e+02
-1.275696648624156921e+02
-3.838938745690893484e+02
-2.382670107014548933e+02
-2.232676185177064383e+02
-1.299432906987601655e+02
-3.366696765030105780e+02
-2.056716000224654728e+00
-1.110031851005865292e+03
-1.306312166865482425e+02
-1.178489279101633542e+02
-2.325156561948037677e+02
-1.176168761920176138e+02
-1.241458032059206573e+02
-2.370538106539700873e+00
-1.221050963109065748e+02
-2.364588288356468695e+02
-1.324570023185849266e+02
-1.239841643379551357e+02
-5.704747452260909313e+02
-1.234450698536161610e+02
-4.824704082953393254e+02
-2.371649556898810829e+02
-3.589891542740852515e+02
-3.523296160314885697e+02
-8.596058173379013851e+02
-3.789074791903286776e+00
-2.258567838390662530e+02
-2.401372900190527275e+02
-2.269861572171016917e+00
-3.535610947772893837e+02
-5.020254681805208179e+02
-2.380706504577638327e+02
-4.688986040589167601e+02
-2.606744671426802142e+02
-1.213610496462430177e+02
-1.256087379998113249e+02
-2.287297487724835605e+02
-2.370973444822466831e+02
-1.283197932991486994e+02
-1.214877394166282585e+02
-1.257031423096376557e+02
-2.282213622866324272e+02
-1.270585416923893263e+02
-2.275476829265813308e+02
-1.280608966780271203e+02
-2.459083491311671139e+02
-3.314183312522085867e+00
-1.204258225443135615e+02
-1.216339892369755091e+02
-1.236773667797940419e+02
-3.564627506176082079e+02
-5.030211450470650547e+00
-1.364267530231528553e+02
-2.256844261461056931e+02
-2.506979020434805694e+00
-2.420282736998283326e+02
-1.250173238535362543e+02
-1.248476505517199087e+02
-1.226884564913532500e+02
-2.304514378706840887e+02
-3.655269705344578597e+02
-1.247670205555611886e+02
-3.170869775724048267e+00
-9.019692482293684179e+02
-2.496119742022194554e+00
-2.478968908916951648e+02
-1.225131968771735558e+02
-4.411426106322686280e+00
-2.462515687645160654e+02
-1.250791868961464104e+02
-1.270912232516474347e+02
-3.554285341860836525e+02
-2.381999547955192327e+02
-1.209439721322098507e+02
-4.486061086924156598e+02
-1.213170123119236621e+02
-1.188502714586638689e+02
-1.319597913384946253e+02
-2.336336113866771598e+02
-3.399191807531254881e+02
-4.291092279389251196e+00
-1.203094654507970063e+02
-1.264392058204026057e+02
-1.189999499286421099e+02
-1.208933632719904523e+02
-5.580361314456464470e+02
-1.260492683869862560e+02
-3.405065585803796466e+02
-2.360315367453050328e+02
-1.221775144182827404e+02
-1.258457175515459454e+02
-2.338170733421727050e+02
-1.242203347282496964e+02
-1.278354750535840338e+02
-1.248209500388012714e+02
-3.439577255628172452e+02
-2.355691611047354854e+02
-1.254042319924612059e+02
-1.212667523866502677e+02
-5.391826946145367856e+02
-3.363347736986307837e+02
-4.497759398854451547e+02
-5.435052664765479449e+02
-3.381545630766732646e+00
-4.271532705152401945e+02
-1.238244962014760375e+02
-5.875050179410118290e+02
-4.648233306767975819e+02
-5.911848159074531850e+02
-2.323677349267983345e+02
-1.293725030289014910e+02
-1.323563320416895692e+02
-2.369683131121595352e+02
-1.185141184800074967e+02
-5.515931153777399913e+02
-1.300241106790663537e+02
-2.464773899005061537e+02
-2.307293987796689976e+02
-3.375051480999557612e+02
-1.256681805342945353e+02
-2.288580777452708901e+02
-2.310036017650968461e+02
-2.344238947272319820e+02
-1.234620370435611676e+02
-1.192746167973712375e+02
-2.364729214802182469e+02
-3.457612227908284126e+02
-1.207273063002908486e+02
-1.237261881339381517e+02
-1.257133616855225711e+02
-4.637097210076125293e+02
-1.282904173120349185e+02
-2.596379578002851645e+02
-3.975103798266724997e+00
-3.366369251094731840e+00
-1.178892428182136740e+02
-4.268280257126958688e+00
-1.265847678488109835e+02
-3.345386768840504601e+02
-4.349423005052173039e+02
-1.197474071570420193e+02
-2.031232971756848915e+00
-2.455208752241287016e+02
-1.246467864064861146e+02
-1.266712448365533703e+02
-1.211622984193738688e+02
-1.192445185695748933e+02
-1.271846411028779329e+02
-3.417974698515255341e+02
-2.370999919587379168e+02
-1.230984775477408277e+02
-1.250138402331452454e+02
-1.210039096735771267e+02
-1.269529717841514440e+02
-2.288783405029805067e+02
-3.316041274669126437e+02
-1.282031114200954391e+02
-4.470320367741082990e+00
-1.223684786447173849e+02
-4.311467559815239952e+02
-2.335348709708173942e+02
-1.284623615845443965e+02
-4.677031225017508973e+02
-3.308162189086252258e+00
-2.663553390913541374e+00
-3.354065042097026890e+02
-1.271728897604792081e+02
-2.874935097318768840e+00
-2.358326388439316759e+02
-4.808161199945464546e+02
-1.241034475189300110e+02
-1.199502480264373219e+02
-1.233341281891605661e+02
-4.554091260188886992e+00
-4.515269215738947537e+02
-4.420590962103497077e+02
-3.601118270249005491e+02
-1.289407776090411346e+02
-3.803830544019260174e+02
-2.352282324044943778e+02
-3.369680040574100417e+02
-1.282353890824121265e+02
-1.252266377413168357e+02
-2.289174645032245508e+02
-2.289994534949814806e+02
-1.234038028594105185e+02
-3.390326907079141847e+02
-3.341076150063052523e+02
-2.095088298249589087e+00
-1.268788370683295312e+02
-1.225847088446055295e+02
-1.971817097881519487e+00
-4.388807030248063370e+02
-3.357176531044513013e+02
-2.296734885848479166e+02
-1.231980901040770249e+02
-3.323426953614782065e+02
-1.291675428161541106e+02
-4.561347336022980592e+00
-3.320339265770792281e+02
-1.213103157956768996e+02
-3.582331693460301949e+02
-1.213258950794888023e+02
-1.208173014714316196e+02
-5.319095322907506898e+02
-1.221469369182047018e+02
-2.292957064104334677e+02
-6.870859803232707463e+02
-2.381575239753134952e+02
-1.215113841046382390e+02
-3.361778222584671312e+02
-1.225963009732975877e+02
-2.249121208862716230e+02
-1.257459602431309946e+02
-3.479002059115630914e+02
-1.254540385247502030e+02
-3.489885955374758169e+02
-2.276493501064104237e+02
-1.235293985286282350e+02
-1.316565870947174801e+02
-3.097624651773387416e+00
-3.429890123206732255e+02
-1.265006053100504033e+02
-1.179412961459627667e+02
-1.218198724376119486e+02
-2.339114408466301143e+02
-2.376858834275753907e+02
-2.579060790567098582e+00
-1.227784288356902351e+02
-4.610780276332014260e+00
-5.946591415867359274e+02
-2.488721441804367203e+02
-1.226461680026992838e+02
-1.225205178433691771e+02
-4.031833491095599697e+02
-3.386476550859059103e+02
-3.366674447424089944e+00
-1.191153697071231505e+02
-8.819244752527188211e+02
-1.249871520953415995e+02
-2.264703021635671973e+02
-3.357265970769605588e+02
-1.273422308440623567e+02
-1.178581042232461868e+02
-5.101249527111178850e+00
-1.297172260390664462e+02
-3.411851615809322311e+02
-4.606793933424810916e+02
-1.198647571938248291e+02
-1.214057784118954828e+02
-2.417020667254443254e+02
-3.048650077760783894e+00
-1.273709083270558153e+02
-3.524711922764022916e+02
-1.211679416734834973e+02
-1.296513687403531776e+02
-2.414755055123024761e+02
-1.276549348559658910e+02
-1.166315795850059942e+02
-3.107568935377913011e+00
-1.186698635372114552e+02
-1.265598742435466733e+02
-1.266861315799520895e+02
-1.275213771581098996e+02
-3.306778701742528597e+02
-1.246211342264602706e+02
-3.481149696217103156e+02
-1.287832470761075001e+02
-1.180658601204344791e+02
-4.275007081988569553e+02
-4.402204771896539341e+02
-2.342210213814775841e+02
-1.211333844051895596e+02
-3.396880655943091938e+02
-1.236150935171527578e+02
-1.205944845475611800e+02
-1.223843923127100339e+02
-2.362365774037293704e+02
-1.231348551914837941e+02
-2.334386086995525886e+02
-2.279467025775444142e+02
-2.376910657146644326e+02
-1.248426544723506311e+02
-1.308448987155771590e+02
-1.278787610613151031e+02
-1.285926545372566920e+02
-1.271384810145719086e+02
-1.273937388453862525e+02
-2.473820439792992829e+02
-3.401614118577584236e+02
-1.263727060769741399e+02
-3.951350861294389727e+00
-2.450017957841893121e+02
-3.464939913224205270e+02
-1.288006787404466422e+02
-3.488581627366870066e+02
-2.450672165977930490e+02
-2.469972541917979925e+02
-1.202420504044738294e+02
-2.376900885074830114e+02
-2.527823028300688009e+02
-2.515556749079487417e+02
-1.249421685399393880e+02
-1.290317762041606784e+02
-1.263512799346795248e+02
-3.251452018013346219e+02
-2.267405961857994896e+02
-2.544668811945702487e+02
-4.312220504226669249e+00
-1.192230706516052408e+02
-4.857651299986058575e+02
-4.308178208474051196e+00
-2.418585629348412738e+02
-1.175835991583700064e+02
-1.228194671729861938e+02
-1.188730736004266504e+02
-2.420122332276334305e+02
-4.565787236590438170e+00
-2.294716853064996087e+02
-2.311884602009772607e+02
-1.296287237863651001e+02
-3.566443914373546704e+02
-1.289647695390209208e+02
-1.233203223187035178e+02
-1.236294784290910371e+02
-6.014610827970454210e+00
-1.231058475080224497e+02
-5.397490168294413415e+00
-2.344759062237806120e+02
-3.526918653725059016e+02
-1.264140907265039431e+02
-2.313030968400672691e+02
-3.674283062059746197e+00
-4.559186613330830085e+00
-1.231180579461147175e+02
-2.405993626138933905e+02
-1.232172454738195881e+02
-1.201853230136728001e+02
-2.245431305687255588e+02
-1.268793899315462284e+02
-1.327912015359374323e+02
-2.563303719048714697e+02
-2.283046071946577911e+02
-1.305342211492088325e+02
-1.297156737797520805e+02
-1.229061037551747262e+02
-1.301258142636184800e+02
-1.582533664860362990e+02
-1.231617977531366535e+02
-3.458725738948928665e+02
-1.224412972062463609e+02
-2.419737365623211645e+02
-5.081648432344305206e+02
-5.114577443518407449e+02
-1.280178288545635041e+02
-1.271354788333011498e+02
-3.572185155528655400e+02
-3.480844712030862524e+02
-1.249736945313429288e+02
-1.316795160217116063e+02
-3.486693577513467517e+02
-1.245214598163179431e+02
-1.263390276440982802e+02
-3.778049753592197249e+02
-4.495296140461217078e+02
-4.666218872375339402e+02
-1.289933922992672137e+02
-2.387439544608294852e+02
-6.804317421342072514e+00
-4.443491830220613679e+02
-3.599289341781316125e+02
-1.289271515462021966e+02
-1.206283434223562949e+02
-1.232776518026899595e+02
-1.258828110077141247e+02
-1.205904108947074320e+02
-1.204592833691909988e+02
-1.304298840935975363e+02
-1.290207751771303037e+02
-2.294456364803647546e+02
-2.428161315434446408e+02
-6.321382806890558648e+00
-1.249412323748952502e+02
-1.272588102623464010e+02
-1.284709790934942362e+02
-1.236626931319672451e+02
-1.282356967953128901e+02
-3.671591269594721894e+02
-1.286953083409703424e+02
-1.225589665574959497e+02
-1.304153397770918446e+02
-4.504267958621881576e+02
-1.279177451270713988e+02
-1.276690269177560850e+02
-2.307729238450199887e+02
-1.284947350788486347e+02
-3.337583925852752031e+02
-1.290691089521559149e+02
-1.262516221884008445e+02
-2.334159305190318321e+02
-1.210692107030962461e+02
-1.210926335409770473e+02
-1.241786223000835321e+02
-1.296996236069727217e+02
-2.366262101268956712e+02
-1.277510520856856857e+02
-3.319139802947505657e+00
-4.475512846034931727e+02
-1.264325140694347596e+02
-1.205123502590093949e+02
-4.142546185473722886e+00
-4.681531034602876957e+02
-1.246073569526052438e+02
-1.233449491402191853e+02
-2.538042424269050059e+02
-6.116046953738012881e+00
-2.445101107482458076e+02
-4.363491568468028277e+02
-3.643927737615890123e+02
-5.876963687857910124e+00
-1.252145020183164945e+02
-1.254807084169027007e+02
-1.262560460363143449e+02
-3.212148256306006147e+02
-1.283297743399610908e+02
-3.280363771295669721e+02
-1.285400671540338067e+02
-2.307156255682664323e+02
-3.566946493319485398e+02
-4.887182353730363360e+00
-5.559783048211116920e+02
-3.369915306463839215e+02
-2.514684701308470949e+02
-3.447858363225166727e+02
-2.463495265516996824e+02
-8.678429936152651791e+00
-1.236096815316041528e+02
-1.303600029562172722e+02
-1.225913807866098466e+02
-1.182143666483066511e+02
-1.200423069599747095e+02
-3.396263099366603910e+02
-1.289826037095356810e+02
-2.370190317556485695e+02
-1.227919655774523022e+02
-1.255290669112842892e+02
-2.308123671269007389e+02
-2.423240946021250579e+02
-1.298572180582163469e+02
-1.285924755396628711e+02
-1.260878338506008873e+02
-2.663861208002786043e+02
-1.205500251111706831e+02
-3.613007981406810245e+02
-1.211473123282081872e+02
-1.283179702754366929e+02
-3.521449584134609267e+02
