-1.823139732492917119e+03
-1.331438793856165830e+03
-1.776930163640592127e+03
-1.143620846393851934e+03
-1.155850417556748198e+03
-1.599364319140491489e+03
-1.628054890856722750e+03
-1.532861636602457793e+03
-1.369350039569491628e+03
-1.431363638954515636e+03
-1.289894335294364964e+03
-1.326941162398400820e+03
-1.145712838537448079e+03
-1.237093140204276551e+03
-1.176014981785112013e+03
-1.384333418126197330e+03
-1.398173437899501096e+03
-1.234734970804359591e+03
-1.389926481070683394e+03
-1.399099306182291230e+03
-1.282758244641074043e+03
-1.104633247354369814e+03
-1.269139578037259753e+03
-1.219544050897782427e+03
-1.208421941757233981e+03
-1.193463546453080198e+03
-1.196329120403042225e+03
-1.184870511981159780e+03
-1.174876486949275431e+03
-1.118436727334468287e+03
-9.058399526705876497e+02
-1.049857179727681114e+03
-6.265317056898094279e+02
-8.515448259848411681e+02
-9.139051457880527778e+02
-8.705807358371911278e+02
-8.604417545093070885e+02
-1.025964683410152929e+03
-8.945971102066354206e+02
-9.170183993236288416e+02
-1.082437653365785536e+03
-8.774643660814234636e+02
-9.253001729219872686e+02
-8.706501419234243713e+02
-1.002729198345896066e+03
-9.660074760974780474e+02
-9.959485184921121572e+02
-8.764163115003560733e+02
-8.673245900888138067e+02
-9.639830165644764293e+02
-9.845259162876235450e+02
-1.076590903805799371e+03
-1.104970907319193657e+03
-9.709077019031387863e+02
-1.076691639973996871e+03
-8.909496963278501198e+02
-9.762793784490626194e+02
-7.367048191239579182e+02
-9.558074343501301655e+02
-8.696887790238406524e+02
-6.387860100874567024e+02
-8.854387819463596543e+02
-6.294601568624296988e+02
-7.790264839449317833e+02
-8.988369278865980050e+02
-1.003978852896806870e+03
-2.073331734965482731e+00
-5.106947245099077577e+02
-5.135785393510558379e+02
-7.853172914799624778e+02
-3.891047404181950355e+02
-1.291050419289688023e+02
-3.924221372686401992e+02
-4.974887708559269299e+02
-3.912666792311288191e+02
-3.621692750270790384e+02
-4.246378584899542830e+02
-7.844896536646800769e+02
-9.145112073839410414e+02
-1.151928442552191200e+03
-1.046773138460952168e+03
-8.966988019332039812e+02
-2.509650553112471130e+02
-5.137914290832559345e+02
-8.897795896033782626e+00
-3.892158104081895544e+02
-6.328458794560069691e+02
-2.593171734049979023e+02
-2.629221243422142607e+02
-1.305435211329674132e+02
-4.779040070560491245e+02
-1.338232597971823452e+02
-6.370337051624333071e+02
-1.241681291128167430e+02
-5.574739951583881137e+00
-2.398631383939734576e+02
-3.730728754511454213e+02
-1.303993638434930631e+02
-8.970305037292557699e+02
-4.603254884618598339e+02
-1.056637730244023714e+03
-7.800129962335952314e+02
-4.339863447392074747e+00
-3.879944108563759819e+00
-8.946921212805109462e+02
-3.978854680368526520e+00
-3.790033473345292805e+02
-7.634164494232217066e+02
-1.295100308349590819e+02
-6.213304275106650039e+02
-3.189534345400295123e+00
-1.246009831516901869e+02
-1.311615980296730584e+02
-2.446575221402940770e+02
-7.274746701939740205e+02
-1.035917783750509216e+03
-2.524857188046279077e+02
-8.373736368182309207e+02
-8.611747393885718793e+02
-3.799138111367869897e+02
-9.060814554280224229e+02
-2.996046856549494652e+00
-8.568721120405957663e+02
-2.426188251771955038e+02
-1.045042181356339597e+03
-5.922416240084567107e+02
-9.580396279056363937e+02
-4.669242620822623167e+02
-3.803897642641005064e+02
-8.583996541900086186e+02
-2.492009588236406898e+02
-7.476696683361078613e+02
-7.384662746923436316e+02
-6.180708853675757837e+02
-4.931406855712399420e+02
-8.577315109520960732e+02
-4.806145461434860522e+02
-8.579384020324744142e+02
-5.234450922782131421e+00
-6.642162150836820729e+02
-3.692102891205242372e+02
-1.003501945523119048e+03
-1.260847291757970197e+03
-1.293756894435703657e+02
-1.330864080821599600e+03
-1.073005818709393907e+03
-6.302333566689179634e+02
-1.271951808178067154e+02
-8.023997050126035901e+02
-8.081805534370186024e+02
-8.833423611976870689e+02
-1.304158129574141753e+02
-8.546324704669576704e+02
-1.241933896298158402e+02
-6.056553980684972203e+02
-1.222836257076433810e+02
-2.415607175425649871e+02
-7.320672623380929736e+02
-1.232979237401249293e+03
-1.307116547356486649e+02
-1.261104651912629180e+02
-4.809850976470316937e+02
-1.285504960400384107e+02
-1.303318329844140067e+02
-1.246948609236085872e+02
-5.008520134257750556e+02
-3.536734241117471811e+02
-4.510863438101604856e+02
-1.238002235786542400e+02
-7.926224884735036085e+02
-5.462365360534366943e+00
-2.495045684870550815e+02
-3.481776604710309471e+02
-3.672451031189889932e+02
-1.271708881335465833e+02
-1.199704988760992279e+02
-1.360290789865506667e+03
-4.870698091121225275e+02
-1.388540277358440562e+02
-4.780746055078158179e+02
-4.439141664016483801e+00
-1.299477659077103908e+02
-3.332346089598529293e+00
-5.946945661178939417e+02
-1.288744819791534724e+02
-2.404206865320113877e+02
-1.283355982254468302e+02
-4.888275394795591637e+02
-1.314334094013037202e+02
-1.275568675957962057e+02
-4.142720921498008124e+02
-2.360554016405829145e+02
-1.265816398434914873e+02
-3.850546824734577100e+00
-3.610998838272806779e+02
-5.805340295994458444e+00
-1.333839144477638854e+02
-1.279506294010618603e+02
-4.445359430764616491e+02
-1.288871915921593825e+02
-2.403308780474189064e+02
-2.473842661650558341e+02
-1.289408202718130951e+02
-4.295093428580615935e+00
-1.293829451955113257e+02
-1.280512508857824230e+02
-5.154613460121058033e+00
-6.756207170163140745e+02
-1.204895521185177500e+02
-1.220064600132286330e+02
-2.394488535160927540e+02
-1.238421262990662370e+02
-1.277163301057372280e+02
-2.396814719592018719e+02
-2.379850574406124224e+02
-1.224804624098546810e+03
-1.239695834875089417e+02
-8.322379239636278498e+02
-1.265972932150035746e+02
-2.452676644097333565e+02
-1.288139838488679061e+02
-1.207748600622516619e+02
-9.883105446665183536e+02
-1.010380554845385404e+03
-4.931962156083748710e+02
-2.386590656744048431e+02
-1.263455316772605102e+02
-1.221643362296530995e+03
-5.384333108875363649e+00
-4.123445739423496903e+00
-3.621618262951097336e+02
-1.295587970074266195e+02
-1.325531449188897284e+02
-4.833441801694920770e+00
-2.544766184795927870e+02
-7.061893152976177817e+02
-7.302118900831425208e+02
-3.693534235352659607e+02
-3.511175893207185368e+02
-3.710078858895644203e+02
-3.683215522680292224e+02
-4.917445735329436616e+02
-2.497618511698154293e+02
-3.617567546102755500e+02
-1.273396259340515968e+02
-2.478261287429369588e+02
-3.679922943437970844e+02
-2.446007992428414752e+02
-3.910122328803254845e+02
-1.259244060266902494e+02
-3.642814300687656441e+02
-4.558010221248406602e+00
-6.193355300733494460e+02
-1.221562799230150347e+02
-1.199600020402508278e+02
-1.248787550433773959e+02
-6.268698609269586086e+02
-1.271773578116904702e+02
-2.401819405538784338e+02
-2.376039106154326817e+02
-1.258669106827696567e+02
-4.893372943340980328e+02
-1.236164226790999123e+02
-2.380726811176000410e+02
-1.270627415408060585e+02
-2.329326412119211227e+02
-2.427388386452237228e+02
-1.254566518386987752e+02
-3.453538824074623221e+02
-1.200701005455578496e+02
-1.270177562169240417e+02
-2.367705585220931823e+02
-3.176160077365425991e+02
-2.359250678757795185e+02
-1.262867145901889501e+02
-2.291537230110185135e+02
-1.240150424062236851e+02
-1.290679746032808453e+02
-1.216256842050125044e+02
-2.772139376222578999e+00
-2.573640356026075438e+02
-1.216426498799378351e+02
-4.848682807210572605e+02
-1.258191562081252499e+02
-2.882464633130120468e+00
-2.966913083890317715e+00
-2.587737361353541132e+02
-1.239220305348893163e+02
-1.237002151293738592e+02
-1.247095139190104049e+02
-1.267482739144171546e+02
-3.504521119026035763e+02
-3.418135661767938132e+02
-1.212228479804498846e+02
-1.177389692239609076e+02
-4.894994262205863720e+02
-1.226843239206032194e+02
-3.649292848003892686e+02
-9.462678743397921153e+02
-3.731225202837935058e+02
-1.200417012237518577e+02
-2.035141929036910824e+00
-1.197681155680323712e+02
-1.404216388952324035e+00
-6.589002622949273018e+02
-4.833777069085259654e+02
-3.550862629365124121e+02
-1.490223901990460149e+02
-2.412371593249454804e+02
-3.422768266816611344e+02
-3.591608889920083811e+02
-9.988194832996215382e+02
-1.198122570134922569e+02
-8.548947228197355530e-01
-1.195276189288113216e+02
-3.841663201058189543e+02
-9.372862118503686588e+02
-2.383211004646310300e+02
-2.441211853609529498e+02
-2.432842541381282899e+02
-1.235604137902360122e+02
-1.276514076751879685e+02
-1.219279705963829343e+02
-2.340744115470244537e+02
-1.237202334190909880e+02
-1.198088543847195382e+02
-2.468823580482257967e+02
-3.759832241517402736e+02
-2.430294084212172265e+02
-3.727802419690025886e+02
-3.751872359605850988e+02
-4.748661867952190505e+02
-1.184346065040558216e+02
-2.426845447854159090e+02
-6.323630024772489833e+02
-2.421846722096661324e+02
-2.338642393732523317e+02
-2.482252618789472365e+02
-1.194999003197729053e+02
-2.415138606496185503e+02
-1.264195957413744793e+02
-2.447016064768480703e+02
-3.010312809884049923e+00
-1.266137761267680872e+02
-2.335628987790602480e+02
-1.229126591684300678e+02
-2.402370840555231553e+02
-3.669646044459605037e+02
-1.220860956399204156e+02
-1.281590708006092711e+02
-1.247287381224324747e+02
-2.235254818356375850e+00
-1.090728085360529898e+00
-5.529586055095093116e+02
-2.844486766223590202e+00
-1.547606191315615165e+00
-5.126444637247082028e+02
-2.309563625396916962e+02
-2.402532132209619533e+02
-3.546109575389718884e+02
-1.212026099181238834e+02
-2.509298500442176874e+02
-1.279147667621056286e+02
-1.290043077953167483e+02
-3.584251791188130483e+02
-3.559513502099013635e+02
-8.226980733715811844e-01
-3.603696069185280635e+02
-1.202463743394766027e+02
-1.274785009509328972e+02
-3.491330319839607910e+02
-3.768379517499110420e+02
-8.732624080233781783e-01
-1.207499190184819781e+03
-2.587547574869577147e+02
-3.604274032926302311e+02
-9.786280918916181690e+02
-3.247668104293006763e+02
-9.017170967531999395e+02
-1.209258293867217162e+02
-1.201971636647152195e+02
-2.538415131754659058e+02
-1.212636127390429976e+02
-2.372354294644910624e+02
-1.268352677495193888e+02
-1.231734911577476055e+02
-1.224324479837420512e+02
-1.219679785600978335e+02
-1.729574081050155199e+00
-2.444400648512681755e+02
-1.239805149587825639e+02
-7.261780483341972285e+02
-3.582310745642587335e+02
-1.208784368919647960e+02
-2.375732954657776759e+02
-1.285381912291214519e+02
-2.382458908804808857e+02
-1.275663150773385297e+02
-4.695482694418814162e+02
-2.374614295492193889e+02
-1.059372228300107508e+03
-3.641383719007408786e+02
-2.429258039288420434e+02
-1.233600419635085501e+02
-1.231063740887896785e+02
-2.426949875566926380e+02
-1.238818771154441123e+02
-2.349784861066461588e+02
-3.500873232363555303e+02
-5.328412931699850787e+02
-2.007619834168891781e+00
-1.216784985280502980e+02
-1.215792446007633032e+02
-4.056683742782965965e+02
-1.299512758633182274e+00
-1.257002310476123768e+02
-4.700388445584936221e+02
-3.579650296117075072e+02
-2.290062294756237691e+02
-1.267562458054756434e+02
-1.254384723938256485e+02
-1.242622551709839058e+02
-3.464765158419041313e+02
-1.232260013926690760e+02
-1.234440089077501739e+02
-1.201618646052600639e+02
-1.252780828103852997e+02
-1.264937337375236694e+02
-2.334864060427039760e+02
-2.392246794858205305e+02
-1.236953101889163236e+02
-2.404212316785092298e+02
-2.288892849749156255e+02
-3.742420355848065014e+02
-1.235433520639958118e+02
-2.406284324682080467e+02
-1.255261779847657522e+02
-1.180942572360339256e+02
-1.228153584245964396e+02
-3.331401440869734554e+00
-3.442800263823662021e+02
-1.219254933825171037e+02
-2.377936882457408956e+02
-3.358094395270213113e+02
-2.398725569834781766e+02
-1.225728794063617642e+02
-3.551368214375053789e+00
-1.241870054678752098e+02
-1.219111925473556823e+02
-3.605110012661872361e+02
-2.365421714019455237e+02
-3.308093221449185535e+02
-1.220213802373885414e+02
-1.202783902898535899e+02
-1.211209543401821662e+02
-2.383328545128808003e+02
-4.659870710141132690e+02
-1.866440765606607100e+00
-1.297966968378443084e+02
-1.216331002143926838e+02
-3.391589324484864960e+02
-5.116293626977766849e+02
-4.774719294887082022e+00
-1.292080956346501637e+02
-1.271940198624795784e+02
-2.397354953351914446e+02
-4.456507166151128558e+02
-3.905688617335658250e+02
-1.215343230660060243e+02
-4.034334119202238185e+02
-3.621227551139933212e+02
-2.364823892041578404e+02
-1.261349841332288833e+02
-1.187128917881254040e+02
-3.559143797577518740e+02
-3.866492018323040725e+02
-2.391044614366544465e+02
-2.427840821655217951e+02
-2.732814945605642087e+00
-1.277627853697593281e+02
-2.408830526616343661e+02
-2.311969317435990945e+02
-1.225993315946458466e+02
-1.251860312429672888e+02
-2.326957709050269614e+02
-1.209061291014055399e+02
-3.634733398598968392e+02
-3.598195467121137767e+02
-1.226100165615793145e+02
-2.385879987188291125e+02
-2.021598147495370146e+00
-2.366214852715431789e+02
-2.286442381945940951e+02
-1.280644016230107809e+02
-1.229378027053003706e+02
-2.500729225231482111e+00
-1.163852119374855789e+02
-3.742624863623425426e+02
-3.582351882087450576e+02
-4.779250127468977212e+02
-3.461107866837057827e+02
-1.217791973286828267e+02
-1.218805301939664503e+02
-2.272734640798104806e+02
-1.174743774029194014e+02
-1.175995433188849830e+02
-1.238030494040182106e+02
-1.825663140052481204e+00
-2.333102380950934958e+02
-2.429695922086184794e+02
-1.236688349453263385e+02
-5.203338851683936355e+02
-1.196009364359762515e+02
-2.501091540204232899e+02
-1.258465125177842765e+02
-3.479743781921362142e+02
-1.197585487175655459e+02
-3.560902160155875436e+02
-1.212451006238967182e+02
-1.222402252046823037e+02
-2.446180114815832667e+02
-1.228847481319522927e+00
-1.272010030543566899e+02
-1.261207691037088381e+02
-6.453465326525296177e+02
-1.238928900561625284e+02
-1.185606012274021310e+02
-2.391770428514138587e+02
-2.329099876626683852e+02
-2.214816987088925160e+00
-1.268249123436979744e+02
-2.345090082229862389e+02
-1.201200257482393852e+02
-1.264229701026543609e+02
-2.378333252086422362e+02
-1.077623972779164996e+00
-1.154031381691103775e+02
-3.488705128017670063e+02
-1.201601366517642049e+02
-1.210653377106477535e+02
-1.194225174415526425e+02
-5.942541320808630871e+02
-1.235167021707532342e+02
-1.239344851060112944e+02
-1.229305944702666409e+02
-1.208850179739214070e+02
-1.172284812520969268e+02
-2.479890395058033619e+02
-1.260664894829823766e+02
-2.390195495083893320e+02
-2.394532683198228540e+02
-3.523389998358459820e+02
-5.117813925354518005e+02
-1.259626062544614342e+02
-3.367165474754396541e+02
-1.012073302562673360e+00
-1.245956724748257045e+02
-2.371910507455001493e+02
-3.364983285401365265e+02
-1.214432006107385860e+02
-1.195642954543842222e+02
-1.271180785910898834e+02
-1.249213091659055266e+02
-1.225115260962062536e+02
-3.443977272423550176e+02
-1.199451335633275590e+02
-4.213232614687063347e+02
-4.822973981220205246e+02
-2.482177055706638669e+02
-2.323388712592719969e+02
-3.444043839825007467e+02
-1.269622294614729725e+02
-4.058643294886827562e+02
-3.510431703712661147e+02
-1.269952103391073166e+02
-1.264029440580790009e+02
-1.244021447749607319e+02
-8.689570446573251505e-01
-1.231334633666766365e+02
-3.659389295304300731e+02
-1.285295906765171310e+02
-1.205389690667884679e+02
-3.815004849553671420e+02
-2.231082462046565684e+00
-1.268168761558286377e+02
-1.819548712275353530e+00
-2.475652666391169987e+02
-1.265664364505321657e+02
-1.250547233139445211e+02
-1.249704193863453554e+02
-3.484959578597898826e+02
-3.451269926770337975e+02
-1.206038486497480449e+02
-1.211695389693677356e+02
-4.618361481995005420e+02
-1.233493468447900057e+02
-3.598711487895809569e+02
-2.394753395576003641e+02
-1.219962774409170407e+02
-3.426117576211332789e+02
-3.365208280553776490e+02
-1.218905738326274957e+02
-1.161096209656089400e+02
-2.433001503369269756e+02
-3.448739382732214267e+02
-1.203449380453125883e+02
-4.447940889054958689e+02
-1.177152647141406447e+02
-2.250717898322331507e+02
-1.219177301371591540e+02
-1.260702351883589358e+02
-1.248800530531883339e+02
-2.405989472577622337e+02
-7.766123443572823817e+02
-4.476740300470091825e+02
-6.496819541696409033e+02
-3.610433314222925105e+02
-3.346819693611889761e+02
-1.238450431569294636e+02
-1.829022666621135329e+00
-2.362774777246342239e+02
-1.213725980531490052e+02
-1.258134373773236234e+02
-1.192029130270422996e+02
-2.408584251865900399e+02
-1.192672665122669144e+02
-1.235777310071594144e+02
-1.269634133242619640e+02
-3.298070000978173653e+02
-1.240402767765641414e+02
-1.183712324320746063e+02
-2.319908571503183623e+02
-1.252662060343550081e+02
-2.343176894295472437e+02
-2.415239345277800567e+02
-1.188054044493353132e+02
-1.221246328230045890e+02
-2.399209406995364873e+02
-2.350940237289977688e+02
-1.220983061363232309e+02
-2.523313797886538339e+02
-1.217835603288356339e+02
-2.281774150362868454e+02
-3.556574657832073854e+02
-1.210050193810881467e+02
-2.327661809907769168e+02
-1.215269882191792306e+02
-2.369969776621864810e+02
-3.550627368899687895e+02
-1.206019690758168110e+02
-2.388687755955203045e+02
-1.189311572873896807e+02
-1.292411943793941589e+02
-1.210178592119987400e+02
-3.243471255745989268e+00
-1.205854329377680898e+02
-2.335202535415459408e+02
-2.322515112546790590e+02
-1.269377520791226885e+02
-1.944601238654164232e+00
-1.265158818528328055e+02
-3.480133895878083194e+02
-1.253164083999313902e+02
-1.181204040292842876e+02
-1.832228972890373564e+00
-3.508425650052183187e+02
-1.156635623140641940e+02
-6.307038449269941793e+02
-1.180520821398101390e+02
-1.236827062731770610e+02
-3.284950719295110844e+02
-1.304332462643589929e+00
-3.592067288790069028e+02
-1.184836295684669238e+02
-2.308206121844449683e+02
-1.230543285133425542e+02
-5.999818295495816756e+02
-1.181578151766429698e+02
-1.262946865357613717e+02
-3.326674497204767249e+02
-1.233512953141410833e+02
-2.337512875888081396e+02
-1.269562142235829612e+02
-1.268099289269259202e+02
-2.412549268134584679e+02
-1.287666849112951297e+02
-2.321610886082611955e+02
-2.335156032863126256e+02
-1.263317634001631120e+02
-1.199453113074572457e+02
-1.592430150938976663e+00
-2.322511643778688608e+02
-1.261764272315205204e+02
-2.278347277110767379e+02
-2.329743629994044625e+02
-1.179751984101466036e+02
-1.194907609734886762e+02
-1.239180688496441576e+02
-2.323708957179424601e+02
-1.236660725249161885e+02
-4.490770875503662296e+02
-1.212440352212156967e+02
-2.279826183884613897e+02
-1.275289519648875398e+02
-1.216145002554737999e+02
-1.256023420559267123e+02
-1.229318800093154920e+02
-1.247264629007475918e+02
-3.500346144108560225e+02
-1.089463177839563590e+00
-2.341133401892645907e+02
-2.311598358555560537e+02
-2.414709229392551890e+02
-3.443180492131247092e+02
-1.251264322833988700e+02
-1.254056876818322905e+02
-2.389512740702807889e+02
-1.181123138028776935e+02
-2.406202889175989981e+02
-1.200934401367365751e+02
-7.427600489980726479e+02
-1.203197944880042911e+02
-1.245377782963848432e+02
-1.241988242998180709e+02
-1.242232646798083096e+02
-3.238001072130094027e+00
-1.156329527292944732e+02
-3.486734719632997894e+02
-1.200827226421792489e+02
-1.162413461558862053e+02
-4.492554290327295234e+02
-1.249475710218079882e+02
-1.264975919238034265e+02
-1.360628611431999868e+00
-1.255932366871078614e+02
-3.336739139920954926e+02
-3.619711893804554279e+02
-1.228284759172979221e+02
-3.490181369941891489e+02
-1.220013597156049912e+02
-3.348249645179269578e+02
-1.215885414773486985e+02
-1.264562728337294857e+02
-2.385698096217708724e+02
-3.411371719815103916e+02
-1.269283092649228308e+02
-1.289095750525435902e+00
-1.240016240277398225e+02
-1.550241143200770111e+00
-1.169864194575195029e+02
-1.214823854589461547e+02
-1.203974389901521391e+02
-3.374763162528593625e+02
-1.180859104501302141e+02
-1.228330792278392209e+02
-4.127515037489051792e+02
-1.262685073750998868e+02
-1.260702606522964544e+02
-1.445905333122970315e+00
-2.488833325480642511e+00
-1.254926211339243309e+02
-1.270890876484287588e+02
-1.206117441385205211e+02
-1.214545894054126904e+02
-1.194786882281898102e+02
-1.184515316747693561e+02
-1.469341004076705426e+00
-1.175006173247267469e+02
-3.527090911748988447e+02
-4.215453720524449750e+02
-2.338728183710435644e+02
-3.461248097345671226e+02
-2.306439392725753379e+00
-1.200858135549747914e+02
-1.261997101136830963e+02
-1.194390524458262348e+02
-9.616736040340823077e-01
-2.364987353323404022e+02
-1.235314356106994609e+02
-1.231257015798243799e+02
-1.167955540133360444e+02
-3.533823773709431748e+02
-2.339779509730730922e+02
-2.362189709335941359e+02
-2.357344526737309138e+02
-1.249198741268928501e+02
-1.249570392777019947e+02
-1.197687922716404927e+02
-2.347138720696186738e+02
-1.234041445729209556e+02
-2.304645359317428017e+02
-2.251811943040465280e+02
-2.436702414881918912e+02
-1.208122251234702844e+02
-1.198187688549404015e+02
-1.224103724691377693e+02
-1.212867375319030145e+02
-1.186847341118734391e+02
-4.675666543068637679e+02
-3.763273079856388676e+02
-1.247829517388280607e+02
-1.236552461504079474e+02
-6.369300269569266870e-01
-1.214026520026819753e+02
-4.920468293380496903e+02
-1.132099476560298967e+00
-3.592730009752270917e+02
-2.327551379697914058e+02
-1.236289627768875761e+02
-2.324481164920737228e+02
-1.261622254945578447e+02
-1.241165197316002775e+02
-2.428402552753104260e+02
-1.513210481568135757e+00
-2.392091036521563865e+02
-1.175012347862857354e+02
-1.166923918795189081e+02
-9.412424800679799475e-01
-3.520337092803346195e+02
-1.208031069675287910e+02
-1.206777108775304868e+02
-1.258298843476120226e+02
-2.308940594622517608e+02
-2.256811515540422590e+02
-1.287061321707460024e+02
-1.185840650356194175e+02
-2.695243577379009547e+00
-8.958912481291173568e-01
-1.207699579715699656e+02
-1.222600176347988565e+02
-1.181470780836139198e+02
-3.593657241203786725e+02
-4.656657059555706191e+00
-4.853163377034950372e+02
-2.273819076252574405e+02
-1.261715226120589364e+02
-2.691296992014642342e+00
-1.200418703456161040e+02
-3.541205679457522137e+02
-2.352864593615759361e+02
-2.495259428194286784e+02
-1.198012284429133274e+02
-1.222738658347833649e+02
-1.252521230754805259e+02
-1.269770438455294368e+02
-1.582202248451723525e+00
-1.219812658315753140e+02
-1.208577669785975388e+02
-1.213115158822241284e+02
-1.185667379472175327e+02
-2.329033717558609169e+02
-1.275000725149239287e+02
-1.222029653052393599e+02
-1.209120165671733247e+02
-4.630375695877565363e+02
-2.427668207451427751e+00
-1.236774552336072190e+02
-1.893927907321504289e+00
-1.266868448180962901e+02
-2.384976591103663850e+02
-1.272766797118546833e+02
-1.198281253921051217e+02
-1.258432849750568181e+02
-7.250727722481957471e+02
-1.252187684625110506e+02
-1.195303731095130075e+02
-1.249853361833384042e+02
-1.256528501098222108e+02
-1.261927221004186066e+02
-1.235980703251044588e+02
-1.251064734423594444e+02
-1.031361227431555339e+00
-1.263877486238856278e+02
-3.329419471996857283e+02
-1.169427887599165814e+02
-2.504821797241626484e+02
-2.543964104760752605e+02
-1.208047463606425964e+02
-1.269786325109541281e+02
-2.424823298733356296e+02
-1.219419778254473812e+02
-1.274018888512427026e+02
-1.199657834352849193e+02
-2.341568874310965498e+02
-4.762753128946187644e+02
-1.250342668689456076e+02
-1.192767435811802130e+02
-1.263398008212653707e+02
-1.210554103222111593e+02
-1.245356390144655307e+02
-1.266217936080600026e+02
-1.211626503698111037e+02
-3.628184349651997991e+02
-4.385853346651535958e+02
-2.287840438670650087e+02
-2.300653541769128196e+02
-1.195701417280205163e+02
-1.303440128407398202e+00
-2.498231343885975093e+02
-1.263237647347890942e+02
-1.553527375024193136e+00
-1.250619301391261757e+02
-1.232153762155008252e+02
-1.196490273530471882e+02
-2.264648941872288788e+02
-1.180299227216294042e+02
-9.441620701184981757e-01
-2.351187916346802922e+02
-1.501334612010534197e+00
-1.961275769595342666e+00
-1.950650325892641535e+00
-4.132243211400728811e+00
-3.247894514876751941e+02
-1.259165986373910329e+02
-1.058642454155909629e+00
-1.196113405203460616e+02
-3.300810508118847793e+02
-1.191386901276374886e+02
-1.245264592647943118e+02
-1.274333437854737241e+02
-1.162171962512500158e+02
-1.207035916069361434e+02
-1.226244349838743943e+02
-1.029726323393459486e+00
-3.481023302495942175e+02
-3.510439063569231735e+02
-2.214992941463539644e+00
-2.464350961787985739e+02
-1.161921809967210493e+02
-2.351152379923208571e+02
-2.467567184568095229e+02
-3.603175872562626978e+02
-1.227509179844466871e+02
-2.288457384839035171e+02
-1.214095250006134279e+02
-2.453849088332671613e+02
-1.232256851675145839e+02
-1.228964662105973531e+02
-1.200838408094764702e+02
-1.198079888389625722e+02
-1.220922603186365905e+02
-2.267944601035627841e+02
-1.177784907979907416e+02
-1.161928828031766159e+02
-1.105433967196137957e+00
-5.302755120809856670e+00
-1.251158053342093694e+02
-2.385681332535259287e+02
-2.365422163539560358e+02
-1.259924076308987253e+02
-1.168522804790730873e+02
-1.257072580719847537e+02
-2.532567128193082340e+02
-1.959100185823552609e+00
-1.250521669455649914e+02
-1.272967579917304874e+02
-1.266853076664510382e+02
-1.184743949744147784e+02
-2.397880340084934687e+02
-3.604596841537366458e+02
-1.209113653745889110e+02
-1.227632827251401295e+02
-1.182805627472718299e+02
-2.344916847137678815e+02
-1.731906160301029729e+00
-1.275472629672426876e+02
-1.179596213413019825e+02
-1.187523091261291057e+02
-3.858401106574198707e+02
-2.585643335579444511e+02
-3.379417412753914505e+02
-3.237159039429152472e+02
-1.193990933114885564e+02
-1.264556054895882511e+02
-2.257000900913665475e+02
-1.196448879223506907e+02
-2.339824662458258047e+02
-3.627515377985312170e+02
-1.270716545633208199e+02
-2.412931946650614066e+02
-2.270554308470051126e+02
-2.358835680366917416e+02
-1.226303799308798119e+02
-2.329452664879960366e+02
-1.170635955466330813e+02
-1.406907338261638607e+00
-1.194164319478692278e+02
-2.351896745295186122e+02
-2.656573086024816348e+02
-3.308305866957423405e+02
-1.178650358977754706e+02
-2.270328968642025984e+02
-2.345940425117012182e+02
-1.233324989348336800e+02
-4.214246043374063788e+02
-1.254334785057261854e+02
-2.450244927005567206e+02
-1.259657938873431107e+02
-1.247256754186827834e+02
-2.429357249537445682e+02
